224 113 451 372 233 345 361 186 378 299 395 396
352 512 483 547 708 453 487 432 595 436 532 246 119 311 152 633 59 508 604 317 541
531 486 439 567 312 344 424 553 618 315 699 494
384 481 515 516 232 520 521 330 368 179 471 506 443 126 318
64 4 68 6 77 14 79 17 20 84 23 26 95 32 38 106 44 172 46 49 180 117 55 60 61 62 63
261 265 74 43 203 110 336 244 124 220 29 253 31
36 132 164 5 139 207 48 144 209 273 275 213 182 189
256 452 138 108 236 300 334 398 367 177 401 114 306 466 403 309 214 87 414
615 296 456 554 429 558 654 496 305 533 535 475 316 543 671
241 100 21 22 39 56 120 89 107 45 173
1 33 65 66 35 167 8 104 136 41 10 11 47 50 82 28
67 131 163 52 37 24 217 140 13 141 78
96 34 162 322 196 356 295 155 283 348 127 143
112 176 130 290 53 201 313 235 332 237
128 390 489 394 331 461 270 431 369 245 118 123 477
416 307 181 405 262 502 491 284 93 319
979 388 868 933 598 425 939 1132 525 575
560 576 656 737 562 755 709 725 727 764 685 638
192 81 161 2 116 133 73 121 187 109 159
720 546 419 499 580 661 374 582 601 621
993 931 676 518 970 655 784 563 916 792 665 254 798 895
1025 610 644 949 870 519 855 697 890 605 222 446
833 961 835 899 740 964 902 1159 1096 1001 1002 459 813 849 882 1011 564 596 1048 1019 735
1042 1122 1076 389 648 1016 923 1147 701 958 1166
848 928 1040 1057 627 292 713 492 1069 622 926
673 1105 915 1091 102 470 806 903 346 831
1092 971 1035 1067 1163 1228 1262 884 1141 1144 889 922 986 861 478 1023
449 769 866 742 807 871 841 619 781 754 726 536 219
929 977 738 802 692 932 872 825 857 382 975
736 1090 324 805 837 230 1036 333 879 950 951 729 859 860
514 900 166 1033 778 907 748 493 559 944 625 913 852 885 791 505 1017 1049 1082 955 381 959
864 707 996 647 843 973 1037 1038 947 1043 1013 824 888 925
1216 1220 838 972 1292 1356 1101 1294 1041 1298 1300 1173 985 1118 1246 609 1315 935 1007 1071 1073 1080 1208 828 1085
1089 787 1075 420 599 823 839 1065 924 1084 1133
997 1253 1062 359 1063 328 1098 269 878 1199 851 918 1206 1305 1050 989 1053
704 674 690 771 854 711 555 732 717 719
642 548 679 586 842 874 623 912 881 853 981 794 763 767
1024 994 1026 1223 1224 1129 1194 1227 1005 1102 689 978 1074 948 597 1047 1111 94
1184 1281 1202 1251 1046 584 1225 987 1116 990
1280 257 1284 1316 1094 1190 1097 1193 556 1197 1266 308 1108 886 1270 1302 1175 1337 91 1215
960 722 1060 920 968 984 185 1177 826 829 1149 991
688 741 821 1207 616 793 906 909 910 703
450 1222 1287 1032 905 651 1164 1165 974 1167 1231 1296 337 1169 917 1109 1239 1243 1119 1311 1312 545 1314 680 937 1322 1003 942 1134 1326 1200 1140 1077 1205 1015 1336 1146 1214 1151 1279
1344 962 1157 1351 969 1353 1290 1357 976 1361 1303 281 411 1051 1123 1252 869 1318 1064 1257 1321 1004 1328 1265 1333 1272 956 509 1021
1221 1349 264 1162 204 588 1100 591 1297 1170 1045 1237 982 539 667 1120 1188 1127 1320 811 1261 1135 561 1201 819 1267 629 1020 1342
320 785 803 867 963 789 507 795 876 765 702
579 739 581 773 774 775 810 783 659 691 565 694 759 696 603 668 191 511
1282 1219 1125 1030 302 883 1236 1269 921 1210 1180 957 1341
1345 1154 1155 1093 457 1355 1233 469 664 1178 1306 1307 1185 675 1126 1256 1260 1389 1393 370 1396 693 630 1014 1078 1142 572 1086
1152 865 1217 1189 966 1254 1095 1319 776 1066 652 877 1229 1263 1107 1240 1241 442 1018 1179
1249 1058 1346 1283 836 1381 1387 1388 1310 1391
1186 1218 1187 1379 1028 1029 1158 846 1070 1168 1232 1362 468 500 1332 1368 862
1380 1061 1317 999 1128 1384 297 649 809 1354 1295 1360 1329 1364 1274 1183
1377 898 995 1348 1350 1191 1000 1325 1103 1359 1363 1244 1308 1340 1087
641 658 834 723 695 698 714 716 653 174 799
0
3
1027
7
1031
9
1034
12
15
1039
16
18
19
1044
25
27
1052
30
1054
1055
1056
1059
40
42
1068
1072
51
54
1079
57
1081
58
1083
1088
69
70
71
72
75
1099
76
80
1104
1106
83
85
86
1110
88
1112
1113
90
1114
1115
92
1117
97
1121
98
99
1124
101
103
105
1130
1131
111
1136
1137
1138
115
1139
1143
1145
122
1148
125
1150
129
1153
1156
134
135
1160
137
1161
142
145
146
147
1171
148
1172
149
150
1174
151
1176
153
154
156
157
1181
158
1182
160
165
168
1192
169
170
171
1195
1196
1198
175
178
1203
1204
183
184
1209
1211
188
1212
1213
190
193
194
195
197
198
199
200
202
1226
205
206
1230
208
210
1234
211
1235
212
1238
215
216
218
1242
221
1245
223
1247
1248
225
226
1250
227
228
229
231
1255
234
1258
1259
238
239
240
1264
242
243
1268
247
1271
248
249
1273
250
251
1275
252
1276
1277
1278
255
258
259
260
1285
1286
263
1288
1289
266
267
1291
268
1293
271
272
274
1299
276
277
1301
278
279
280
1304
282
285
1309
286
287
288
289
1313
291
293
294
298
1323
1324
301
303
1327
304
1330
1331
310
1334
1335
314
1338
1339
1343
321
323
1347
325
326
327
1352
329
1358
335
338
339
340
341
1365
342
1366
343
1367
1369
1370
347
1371
1372
349
1373
350
1374
351
1375
1376
353
354
1378
355
357
358
1382
1383
360
1385
362
1386
363
364
365
366
1390
1392
1394
371
1395
373
375
376
377
379
380
383
385
386
387
391
392
393
397
399
400
402
404
406
407
408
409
410
412
413
415
417
418
421
422
423
426
427
428
430
433
434
435
437
438
440
441
444
445
447
448
454
455
458
460
462
463
464
465
467
472
473
474
476
479
480
482
484
485
488
490
495
497
498
501
503
504
510
513
517
522
523
524
526
527
528
529
530
534
537
538
540
542
544
549
550
551
552
557
566
568
569
570
571
573
574
577
578
583
585
587
589
590
592
593
594
600
602
606
607
608
611
612
613
614
617
620
624
626
628
631
632
634
635
636
637
639
640
643
645
646
650
657
660
662
663
666
669
670
672
677
678
681
682
683
684
686
687
700
705
706
710
712
715
718
721
724
728
730
731
733
734
743
744
745
746
747
749
750
751
752
753
756
757
758
760
761
762
766
768
770
772
777
779
780
782
786
788
790
796
797
800
801
804
808
812
814
815
816
817
818
820
822
827
830
832
840
844
845
847
850
856
858
863
873
875
880
887
891
892
893
894
896
897
901
904
908
911
914
919
927
930
934
936
938
940
941
943
945
946
952
953
954
965
967
980
983
988
992
998
1006
1008
1009
1010
1012
1022
