385 451 266 395 396 208 211 467 148 345 347 92 349 413 224 417 233 361 299 113 433 115 435 372 183 247 186 378 447
512 321 387 708 453 400 464 595 532 149 152 728 604 541 351 352 482 483 547 487 168 432 624 436 246 119 311 633 59 444 508 636 317
480 226 387 486 424 393 553 618 524 557 494 530 531 439 567 312 344 315 699 476
384 387 515 516 517 520 521 330 462 215 343 471 287 481 484 423 232 368 179 504 568 506 443 126 318
64 3 4 68 6 70 135 12 77 14 79 271 17 18 19 20 84 23 25 26 157 95 32 228 165 38 106 362 171 44 172 46 175 49 180 117 54 55 58 60 61 125 62 63
69 261 7 135 265 74 203 205 206 15 271 80 336 220 29 157 31 228 234 362 43 171 110 244 57 58 124 253
0 195 132 5 197 199 263 200 139 207 144 145 209 273 274 275 212 213 278 88 408 218 157 30 98 36 164 228 293 294 360 301 238 48 373 182 380 189
256 385 452 138 266 334 398 208 401 466 211 403 467 148 214 87 347 92 349 413 414 417 363 108 236 300 367 177 433 114 306 115 435 309 183 247 447
448 482 387 615 296 456 105 554 523 429 558 654 496 305 242 594 533 535 728 475 571 316 543 671
3 70 134 135 12 271 18 19 21 22 25 89 157 221 158 160 100 228 165 39 42 362 107 171 45 173 175 241 54 56 120 58 125
1 65 66 3 70 134 135 8 136 10 11 12 271 18 82 19 25 28 157 221 158 160 33 35 228 165 167 104 41 42 362 171 47 175 50 54 58 125
129 193 67 131 69 7 135 140 13 141 205 78 206 15 271 80 24 153 217 154 27 157 99 163 228 37 234 362 171 243 52 248 57 249 58
0 258 322 195 196 197 199 263 200 143 145 274 212 278 88 408 218 155 283 348 157 30 96 34 98 162 228 356 293 294 295 40 360 301 238 178 373 380 127
0 130 258 195 197 199 263 200 201 332 145 274 212 278 88 408 218 157 30 98 290 228 293 294 40 360 235 237 301 238 112 176 178 53 373 313 380
128 385 390 266 394 331 461 270 208 211 467 148 347 92 349 413 477 417 489 363 431 369 433 115 435 245 118 183 247 123 447
385 262 266 208 211 467 148 405 347 92 284 93 349 413 416 417 363 491 433 115 307 435 181 502 183 247 319 447
388 868 549 933 72 9 425 939 1132 525 721 51 979 598 575
576 737 549 709 72 9 685 560 656 721 562 51 755 725 727 764 638
192 288 161 2 133 198 73 169 75 428 109 399 240 81 116 121 250 282 187 156 252 286 159
448 706 387 580 582 585 523 76 528 720 594 339 276 661 728 537 601 608 482 546 419 611 105 682 621 495 242 499 374 251 571 635 574
993 931 676 549 518 1031 72 9 970 655 784 1104 657 721 51 563 916 790 792 665 1083 254 798 895
1025 610 644 549 870 519 1031 72 9 1104 657 721 51 949 790 855 697 890 1083 605 222 446
896 833 961 386 835 899 964 454 902 1159 72 1096 9 459 460 1104 721 849 83 596 1048 735 227 740 549 103 1001 1002 1196 813 239 943 882 51 1011 564 820 1145 762 1019 1083
1122 259 389 967 648 1258 1166 338 434 1010 1042 1076 952 1016 666 923 1147 637 701 670 958 1022
928 1057 259 292 488 713 873 492 1069 622 848 1040 627 342 406 887 926
673 1091 1156 102 806 903 397 1008 497 1105 915 1171 470 1110 1174 1112 1176 346 734 1054 831
1092 1156 971 1035 1163 1228 397 1171 1110 1174 1112 1176 922 986 861 478 734 1054 1067 1262 1008 497 884 1141 1144 889 1023
640 449 769 841 781 142 16 277 726 536 538 219 412 542 223 97 866 485 677 742 807 871 619 620 750 754 756 438 761 573
391 908 589 975 977 914 277 919 216 280 856 857 669 223 479 927 97 929 738 802 291 932 101 357 872 745 426 875 940 430 1006 752 692 441 825 891 382
705 1090 323 324 772 837 646 391 908 1036 333 911 914 660 277 86 919 983 216 280 729 859 860 606 223 479 736 97 291 357 805 230 681 426 875 940 430 879 818 950 951 440 760 441 634 766
513 514 900 391 904 1033 778 907 908 845 913 850 852 277 791 216 280 1049 1113 796 223 479 97 225 291 357 166 426 875 1131 748 940 493 430 559 944 625 817 885 631 505 1017 1082 827 955 381 959
259 707 901 647 967 843 973 1037 1038 338 1043 666 925 670 864 992 996 551 1258 814 945 434 1010 947 1013 824 888 952 953 637 830 1022
1216 259 1220 838 137 972 1292 1356 1101 1294 1041 1298 788 1300 1173 342 406 985 1118 1246 609 1315 935 488 873 427 1007 1071 1073 887 1080 1208 828 1085
897 1089 770 259 839 1160 787 1044 1172 1301 342 406 279 599 924 420 488 936 873 1065 1259 1133 1075 1139 823 887 1079 1143 1084
777 269 529 146 147 404 918 407 1305 410 1050 1053 1182 1062 1063 1192 1198 1199 310 1206 184 954 1211 1212 1213 328 202 1098 1226 587 335 463 847 1106 851 1238 472 602 858 989 1117 350 612 997 1253 231 359 746 749 878 880 1009 1137 371 1268 894
704 832 771 711 267 717 782 719 16 724 277 854 538 732 542 223 672 800 97 674 613 422 552 555 684 816 753 690 438 632
642 840 329 586 842 16 592 912 786 724 277 853 981 538 794 542 223 97 548 421 613 679 808 874 684 941 303 623 881 628 438 632 763 639 767
1024 1026 259 1223 1224 137 1227 526 1102 978 788 597 342 406 1047 1111 94 1247 994 488 873 1129 1194 427 1005 686 689 626 1074 1138 948 1012 887 893
1281 259 584 137 1225 526 788 342 406 1046 987 1116 990 1247 1184 1251 488 873 427 686 626 1138 1202 1012 887 893
1280 257 1284 777 1291 529 146 147 404 1302 407 1175 410 1182 1316 1190 1192 1193 556 1197 1198 1203 1331 308 1204 310 184 1337 954 1211 1212 1213 1215 1094 1097 202 1226 587 335 463 847 593 1106 1108 1238 472 602 858 91 1117 350 612 231 1255 746 749 880 1009 1137 1266 371 1268 886 1270 1275 1277 894
1153 260 1286 777 650 1034 268 529 146 402 147 662 407 663 920 1177 410 1052 1181 289 930 1059 1060 1192 683 1198 304 1072 1330 310 184 185 826 829 1213 960 968 202 587 844 718 463 465 722 1106 1238 472 984 602 858 731 350 863 991 353 612 1124 231 365 1136 1268 377 1149 894 1150
1153 260 1286 777 650 906 1034 268 909 910 529 146 402 147 662 407 663 793 410 1052 1181 289 930 1059 1192 683 1198 304 688 1072 1330 821 310 1207 184 1213 703 202 587 844 718 463 465 1106 1238 472 602 858 731 350 863 353 612 1124 741 231 616 365 1136 1268 377 894 1150
1287 1032 777 905 651 268 1164 1165 1167 1296 529 1169 146 147 917 662 407 663 410 1052 1311 1312 289 545 930 1314 680 1192 937 1322 942 1198 1326 304 1200 1330 437 1077 1205 310 184 1336 1213 1214 450 1222 202 587 844 974 463 1231 337 465 1106 1109 1238 1239 472 602 858 1243 350 1119 612 231 1003 365 1134 1140 1268 1015 1146 894 1151 1279
1157 1285 777 1290 268 529 146 147 662 407 663 1303 281 410 411 1051 1052 1056 289 930 934 1318 1064 1192 1321 1195 1198 304 1328 946 1330 1333 310 1335 184 956 1213 1344 962 965 1351 969 1353 202 587 844 1357 1358 463 976 465 1361 1106 1238 1367 472 602 858 1115 1372 350 1374 1123 612 1252 869 231 1257 1004 365 1265 1268 501 1272 1148 509 1021 894
1285 264 777 1162 268 529 1297 146 1170 147 1045 662 407 663 410 539 667 1052 1056 289 930 1188 934 1192 1320 811 1195 1198 304 561 1201 946 1330 819 310 1335 184 1213 1342 965 1221 1349 202 587 204 588 844 1100 1358 463 591 465 1106 1237 982 1238 1367 472 602 858 1115 1372 350 1374 1120 612 231 1127 365 1261 1135 1267 1268 501 629 1020 1148 894
320 963 710 522 715 779 780 16 785 724 277 789 473 538 795 797 542 223 97 801 803 867 613 744 684 812 876 815 438 632 122 379 507 892 765 702
194 579 643 581 773 774 775 458 527 783 16 659 277 534 538 603 540 668 542 223 97 739 678 617 490 810 747 691 565 757 566 694 759 696 700 191 255 511
1282 1030 777 1289 268 529 146 147 662 407 663 921 410 1052 1180 1309 289 930 1192 302 1198 1327 304 1330 437 310 184 1210 957 1213 1341 1219 1352 202 587 844 463 465 1106 1236 1238 472 602 858 350 612 1125 231 365 498 883 1268 1269 894
1154 1155 777 146 150 151 407 664 1178 1306 1307 285 415 1185 675 170 298 938 1068 1324 693 1078 184 569 572 445 1213 190 1086 1345 578 325 1093 71 455 583 457 202 1355 463 1233 85 341 469 472 90 474 602 350 612 229 614 1126 231 1256 364 1260 1389 1393 370 1396 630 1014 1142 503 383
1152 776 1288 777 652 272 146 1299 150 151 407 1179 285 804 1189 1319 170 298 938 1066 184 442 1213 190 1217 1347 325 966 71 455 1095 202 1229 463 1107 85 1365 1366 472 1240 1241 474 602 730 1114 988 350 865 612 614 1254 231 877 366 1390 1263 1018 383
1283 645 392 777 1161 146 150 151 407 409 285 1310 415 1313 418 1058 550 170 298 938 1068 1324 184 569 445 1213 190 1343 578 1346 836 325 71 455 583 202 463 85 341 472 600 1369 90 474 602 1370 350 1375 1248 1121 1249 354 612 229 1381 614 231 1383 1387 364 1388 1391 375 503 383
1028 1029 1158 1288 777 272 1168 146 1299 150 151 407 1304 285 1055 1186 1187 804 170 298 938 1070 1332 184 314 1338 1213 190 1218 1347 325 71 327 455 712 202 846 463 1232 1234 1362 468 85 1365 1366 472 1368 474 602 730 1114 988 350 862 1379 612 358 614 1382 231 366 1390 1394 500 758 1276 383
1288 649 777 1295 272 146 1299 150 151 407 1304 285 1055 1183 804 1061 1317 297 809 170 298 938 1329 184 314 1338 1213 190 1347 325 71 327 455 712 202 1354 463 1360 1234 1364 85 1365 1366 472 474 602 730 1114 988 350 612 1380 358 614 1382 231 999 1128 1384 366 1390 1394 758 1274 1276 383
898 1027 777 1293 1039 272 146 150 151 407 1308 285 1191 170 298 938 1323 1325 822 1334 184 1081 1209 1339 188 1340 1213 190 1087 1088 1348 325 326 1350 71 455 202 1099 1230 463 1103 1359 210 1235 1363 980 85 472 474 602 730 1242 1371 988 1244 1245 1373 350 1376 1377 1250 1378 995 612 614 998 231 1000 1385 1130 1386 366 1390 111 1264 1392 1395 1271 1273 510 1278 383
768 577 641 194 834 643 458 714 716 653 590 527 16 658 723 340 277 534 538 540 733 542 223 607 799 544 97 355 678 743 617 490 747 174 687 751 757 566 695 376 570 698 700 255
