1093	1248	0.9563382473888753
370	572	0.9756909085403551
1014	1260	0.9967174766093361
1068	1381	0.9662501903749988
469	1078	0.9832166956293296
1233	1307	0.9689921330892317
550	1383	0.9934300670276699
1093	1154	0.9745179151837124
836	1355	0.9947361918113133
1346	1369	0.9741928189963405
645	1260	0.9723332429072524
409	1370	0.982065348957347
1161	1306	0.9858224103934409
675	1343	0.9675827106444721
1093	1324	0.9599580237903912
1260	1345	0.9942846957431076
409	1375	0.9706459741681935
600	630	0.974701891030537
1142	1310	0.9768534408098601
1014	1248	0.9704037363118941
392	1078	0.9596970479241358
1014	1387	0.9797552155286422
1014	1383	0.9614675853471405
1185	1324	0.9540147294180814
354	630	0.9649829529656804
1355	1370	0.9813035552912562
675	1381	0.9822045659535051
578	1345	0.9529944983443909
409	1086	0.9791165758227528
645	1058	0.9905266010167612
600	1383	0.9902607532063681
1256	1306	0.9727597844186687
1249	1355	0.9923334983409722
354	1086	0.9797697071404816
1233	1306	0.9603986547957115
630	1306	0.9881625957214071
550	1381	0.9908054508580266
1058	1383	0.9894105265499873
469	645	0.981684195069284
1078	1313	0.9793953383740802
1185	1249	0.9879544702269518
409	1381	0.9822977777131643
1345	1389	0.9924846487708738
630	693	0.9628387508234514
409	1313	0.9880303300457693
1121	1375	0.9948976634392487
1078	1086	0.9871433889284771
1389	1396	0.9908118781663795
1078	1396	0.9538192313161382
693	1260	0.9742163339582277
1126	1343	0.9589262809188557
1154	1249	0.9519663739722342
1283	1388	0.9958138720626436
1260	1391	0.9829234299542763
1185	1248	0.9852212626021988
664	1306	0.9908043139062153
370	1346	0.9601159315550141
550	1313	0.971830037595166
1256	1313	0.9585246981193623
409	1249	0.9845245873322485
457	1355	0.9531142101592603
1256	1388	0.9523348446808403
469	1155	0.98114022576631
583	1260	0.9573177147865664
469	1249	0.9826990036010997
693	1142	0.9843989927434706
229	375	0.9666384855532458
469	1391	0.9771595611490341
1370	1381	0.9963498637029835
375	1068	0.9696040243044953
600	1068	0.9716402010558811
469	572	0.986628302129082
1086	1256	0.9822408486535947
469	664	0.9837906704025178
1375	1383	0.9958456902330506
469	1058	0.9819567065638782
1375	1381	0.9896580097281913
392	836	0.9798022086929317
1233	1388	0.9545014239427325
583	1396	0.9628208436173653
645	1126	0.9771539385784289
418	550	0.9777619072199311
693	1370	0.9687870805365227
572	1393	0.9671418018523532
550	1345	0.9682282891228855
392	1121	0.9740339924062814
600	1306	0.9866598068157921
675	1248	0.987006128447937
1233	1355	0.9634843461718692
578	1306	0.9615068167807672
1161	1391	0.9864032932940634
550	645	0.978245622025686
569	1324	0.9597963538196052
1058	1121	0.9940036920625054
1343	1346	0.9875612554928731
572	1381	0.9622328667579296
1126	1355	0.9824342637654436
572	1388	0.9672906874432785
392	664	0.9702361303426069
1126	1155	0.970545981666542
1014	1370	0.9669299983557942
1058	1387	0.9936358853115885
630	1387	0.9831033827223767
1093	1306	0.9777784490263924
392	1346	0.9735907915304194
693	1093	0.9781995473305483
572	1387	0.9675529169453077
1355	1391	0.9945377433822133
418	1142	0.971395345707806
1249	1310	0.9944907028228296
1161	1383	0.9920932144397104
370	1154	0.9835172621654144
1142	1388	0.9795012557605995
1369	1393	0.9732619484950101
370	1393	0.9934549713259446
469	578	0.96256970134522
1249	1313	0.9888868069985983
693	1346	0.9669102879145672
418	1307	0.9589505105417306
1154	1185	0.980900765771931
1142	1387	0.9789653257398636
572	1391	0.9594177524185687
836	1388	0.998141602710833
836	1256	0.9542870842361753
1154	1345	0.9628726267573062
583	1256	0.960584050993527
675	1249	0.9885499974446798
645	1355	0.9796450391919954
664	1370	0.9637989740000434
375	645	0.9875504342629421
578	1126	0.9561783762372543
1313	1370	0.9873033931684689
370	693	0.9690292478438431
572	1324	0.9552942209773969
1078	1381	0.9724845122699475
1086	1310	0.9852284945860806
1014	1185	0.9884841287107962
630	1313	0.9717474165045845
1154	1369	0.9692010971857439
469	1396	0.9680471799957461
578	1256	0.9704418177515131
445	600	0.9653579897186834
375	1370	0.9948474358225472
445	1345	0.959020462459876
445	1383	0.9670777087407766
229	1387	0.9610323477152005
578	664	0.96332746814488
572	1389	0.9695895090261262
1178	1283	0.9928491264914963
469	1306	0.9894256730837119
1306	1391	0.9928985458732411
645	1388	0.9900314073604533
375	469	0.9677947580430387
409	418	0.9803593835745996
1283	1389	0.9849712745477626
675	693	0.9852767870489492
1154	1313	0.9725382020631401
1078	1142	0.9855084464785355
1155	1369	0.9729924401510284
836	1058	0.9964395532516023
1058	1248	0.9882896439453329
630	1256	0.961257353822631
354	1383	0.9874806609267637
392	1310	0.9770773842769596
457	1093	0.9578059287703766
409	1310	0.9774760297602064
1185	1355	0.9876071019389434
1078	1307	0.9854074477603298
675	1370	0.9784233527730782
1343	1355	0.9705077928696332
645	1093	0.9624221605588749
1161	1389	0.9636338238562767
550	675	0.9667246503683466
600	1370	0.9920249643548769
1313	1393	0.9677176202096665
664	1093	0.976129535329219
630	1391	0.9890436772310414
572	1121	0.9615381905247393
693	1185	0.9886537390652244
1126	1389	0.9606519343953552
1142	1343	0.9519314996303545
572	664	0.9683741143210065
370	664	0.9874292308495647
1307	1375	0.9525623766406837
1155	1248	0.966477515196847
370	409	0.9688585745977724
1121	1306	0.9790006008518908
1078	1249	0.9841042931648
1142	1283	0.9916950126872319
693	1306	0.9763239331386242
1256	1283	0.971399768495964
1155	1343	0.9712837460804583
572	675	0.9856493005457028
1086	1306	0.9959667028937538
370	1310	0.9653772567733181
836	1142	0.9822373994285754
1307	1346	0.9629968713614144
1126	1185	0.9834369883901792
600	1391	0.9847248752027237
1313	1388	0.9872552294957013
836	1014	0.9861507808106815
1249	1388	0.9940005085557756
229	1249	0.963933315985392
392	1375	0.9694935910041327
392	1391	0.9744056572446506
1014	1093	0.9871445782561792
1387	1391	0.9932620584572518
693	1345	0.971737049673312
370	1249	0.9699526717566204
1345	1369	0.9887468529830263
645	1313	0.9955961609558504
370	1155	0.975962476989701
1068	1387	0.968757591207646
1086	1383	0.9716246930199051
1142	1369	0.9836162723721082
375	392	0.9825369410441953
370	457	0.9801430671699725
1185	1396	0.9609279133642159
409	1306	0.9796438670306581
1256	1260	0.9857532598929215
1078	1178	0.990798916346643
664	1185	0.9829821863532952
1256	1369	0.9641370021889957
418	1078	0.9574128551772232
1391	1393	0.966460327709275
645	1369	0.9955691007987899
664	1142	0.9924867065613412
354	675	0.9828886355461562
550	1142	0.952576368658465
1369	1389	0.9722535401902985
600	836	0.9921049706678168
572	630	0.95905372695539
1185	1391	0.9780301991430493
1283	1381	0.9926311624683866
1155	1307	0.9628312111894476
1233	1345	0.9620307254647549
1078	1155	0.9761373891331665
354	1393	0.9549972021583463
675	1260	0.9924591435293886
457	664	0.9740783362847536
1306	1369	0.9836524231447008
630	1155	0.990625627781811
1068	1078	0.9670423875935672
1126	1283	0.980130452932457
1093	1391	0.9605654133773882
457	1014	0.9715276365535022
1058	1155	0.9871203948462426
354	418	0.9661587151473376
1058	1381	0.9940800595832648
1093	1388	0.9609518975891778
1260	1313	0.9768722285755385
675	1014	0.9929297263485819
1233	1313	0.9765690667746179
630	1393	0.9719432439373344
675	1233	0.9764371650066712
550	1369	0.972259904785268
675	1178	0.9959852523678405
445	1387	0.9721151412283066
445	1375	0.9601642108164564
418	836	0.9801528424870601
409	1185	0.9799270962763857
1121	1178	0.974252053479413
370	1161	0.9616277026170021
630	1310	0.9870854011892602
675	1185	0.9958522638511689
1381	1387	0.9972762424430676
572	1313	0.984512059868429
630	1185	0.9753817624910142
645	1178	0.9898626762715352
1310	1343	0.9864008469168377
664	1161	0.9699303566421242
354	1370	0.9895489028570568
1154	1178	0.986205332127434
370	1233	0.9673938432624779
1178	1249	0.9863280143278632
630	645	0.9705206498871245
1370	1391	0.9883146169051458
409	469	0.9843769310240607
675	1093	0.981176055179296
1121	1142	0.9627041986571643
469	1154	0.975965418094144
664	1155	0.9905382203489876
409	1068	0.9605047438362707
354	1375	0.9853420912633278
1185	1393	0.9807145898659566
229	1313	0.9723615209925535
550	630	0.9663634732183883
1381	1383	0.9960005534173283
630	1249	0.9824935754499293
578	1093	0.9737788600870402
1345	1391	0.9842016614807871
409	1343	0.976337658721056
1068	1086	0.9645338265642136
1178	1393	0.981750854089159
645	1161	0.9943103437230694
445	836	0.9696856614643402
469	836	0.9840158313421178
1307	1345	0.9682452652593866
375	1343	0.9916122061426569
1249	1283	0.9930082086724135
1068	1185	0.9661819690581508
392	1381	0.9797875854771664
1313	1375	0.9754421201355408
550	1307	0.9528266037659723
409	1233	0.9590284539343896
370	445	0.9524347844184575
1306	1307	0.977645032664078
1078	1256	0.9637676272395345
375	1355	0.9775145594236198
1283	1383	0.985125518748931
1346	1383	0.9909178857442178
836	1260	0.9837606677387085
1310	1387	0.996529584171512
1154	1283	0.9648210774015056
418	1355	0.9810815612812055
583	1389	0.9585502961101771
445	1355	0.9660653541446755
354	572	0.9664560695987177
1256	1355	0.9709589531037017
375	1369	0.9852509435930543
1306	1389	0.9866043211718292
409	445	0.976451882162388
583	664	0.9523399155998399
370	578	0.9657568970938406
675	1058	0.9879270652014294
578	1393	0.9686554712269937
1068	1126	0.9673350395316015
1142	1345	0.9927621880276127
1078	1383	0.9610862901023827
583	630	0.9539684464164466
1121	1387	0.9946383873094138
836	1121	0.9908457283868353
457	1256	0.9906690853368487
1256	1389	0.9904552564689695
1014	1381	0.9765132930579278
1178	1233	0.9805327760631553
1260	1388	0.9782323840387681
675	1389	0.9894482096151227
1248	1381	0.9828831679702887
1383	1387	0.9931987853279887
1126	1369	0.9666908939277696
630	1346	0.9867195380336539
1014	1142	0.9952588053430172
409	1154	0.9554160486187986
693	1155	0.9718613529329345
693	1283	0.9809840563451377
409	1014	0.9705477465931793
1093	1381	0.9545844059508406
1155	1185	0.983396796748653
664	1126	0.9607015758041428
1014	1346	0.9799375243409443
1178	1256	0.9765012411247396
375	1121	0.9917672019389654
1161	1310	0.9902430359950682
1078	1233	0.9804679453000107
550	1068	0.9528502993971227
1093	1155	0.9724328578137373
392	445	0.9766131909501314
1078	1093	0.9797449188264822
1126	1393	0.955066572367427
1058	1078	0.9846064545206688
354	1161	0.9921991765940622
1086	1249	0.9898133659864887
1155	1233	0.9575919631760468
1126	1154	0.970658628679286
1161	1345	0.9794967298617709
1058	1346	0.9917534659228726
229	1306	0.9625196217810148
645	1068	0.9766331075867041
1093	1393	0.9771109841688264
1256	1307	0.9562451247813479
1178	1396	0.9598075999043152
457	1260	0.9712888083413079
370	1370	0.9528155289076734
1068	1370	0.9711610699676783
1068	1388	0.9715758977819886
229	675	0.9703520836304664
370	1387	0.9679614259138043
375	1155	0.9750252594672928
630	1345	0.9834867560169444
600	1121	0.9929802726531572
469	1381	0.9760811252485169
600	1014	0.9759178847065229
1283	1387	0.9950663415382628
836	1313	0.9878467330365839
1383	1388	0.9928014933195011
1249	1383	0.9884241946923213
1142	1178	0.9934845656174248
675	1345	0.9943126377837981
664	1260	0.9942298211619887
1313	1391	0.9779073009237985
1313	1381	0.9852654036535318
836	1249	0.9973185211103963
1185	1343	0.9670134394528516
1283	1370	0.9885834747467539
836	1345	0.9863709729024458
578	1155	0.9536088048022923
370	1086	0.9890628516423916
1155	1355	0.9959156762278065
1058	1343	0.9889110493200901
1310	1381	0.9964677376849749
1346	1375	0.9819558419940169
1260	1393	0.9908861629750525
645	1233	0.9688853891902987
375	1383	0.9905770617315708
445	1248	0.9586379660544844
1346	1391	0.9979400226376107
1161	1346	0.9895275467209542
90	364	0.9641326495502724
1142	1154	0.9803943613232753
1306	1310	0.9923027901608763
375	445	0.968353223280628
1058	1355	0.9897744710336782
370	1388	0.969307111278477
578	1185	0.9535630132410915
370	469	0.9884057897123047
1142	1155	0.9831411824129922
578	1014	0.9758203838769521
418	1155	0.9810335844798661
1355	1387	0.9884049673561048
354	1345	0.9781456354981453
90	229	0.9758058174385238
693	1058	0.9844561350174159
572	1369	0.9754044392073185
354	1388	0.9896405725383595
645	1248	0.99651882833023
1154	1389	0.9641710383940595
229	1310	0.9567858752825202
836	1185	0.987018151153642
1185	1381	0.9798647975049297
600	1313	0.9925008390102245
375	1014	0.9646888644104598
1306	1345	0.9915989783831669
664	1178	0.9817493521104665
1058	1393	0.9595132390231363
445	1307	0.9519229328581114
675	1068	0.9668191064825856
445	550	0.9723425358297058
1260	1310	0.9843528095290972
572	1307	0.9791099421063776
354	1369	0.9919091867355702
1178	1248	0.9878731510852607
392	409	0.9836671964819392
572	1260	0.9742262884138122
1249	1345	0.9829828057639513
418	1249	0.9784331318461226
1068	1355	0.9579963557309489
630	1178	0.9742703164291917
572	600	0.974235477863049
664	675	0.9893980575180985
675	1121	0.976064457511751
370	1369	0.9762966568762818
630	1086	0.9822173903389866
90	375	0.9587374725919886
409	572	0.9730762210852115
1093	1307	0.9657149892526262
229	1388	0.9591209543526154
693	1068	0.9723982546398411
1014	1126	0.9760521046760198
1307	1370	0.9742844703326043
1014	1154	0.9690811892901752
1014	1178	0.98842344934164
1126	1307	0.9869716754732194
1086	1375	0.9595737342757088
1121	1185	0.9765877243668477
1093	1313	0.9671605499067537
457	469	0.9577668324788873
1058	1142	0.9795502592012533
578	1355	0.9641656451355439
1383	1391	0.9871525319886799
664	1389	0.9956647231832845
630	1343	0.9647357825546854
1068	1248	0.9781662904910433
675	1313	0.9933878573483403
630	836	0.9877888733203604
675	1283	0.9960578592113165
550	1248	0.9748252052902773
1283	1346	0.9898861121656124
1248	1388	0.9876227821923564
409	675	0.9836279794513821
550	1249	0.9822335573297558
1260	1346	0.9797471312323511
354	645	0.994166593838958
1093	1345	0.97656020348656
1014	1396	0.9837923631877479
1068	1161	0.975540411202422
392	1161	0.9775435394877878
1058	1391	0.9888396800277672
1014	1121	0.9632484851391601
1249	1389	0.9733162913995406
1086	1387	0.98742523333081
1248	1393	0.961410596366588
1086	1155	0.9882509250222621
600	645	0.9953782320540812
1121	1249	0.9919716839506161
1283	1310	0.9919304035437095
1306	1343	0.9735890509135698
409	1345	0.974027756670153
469	1355	0.9897021053913762
409	1093	0.9574448568501444
1086	1313	0.9877766721275079
1375	1388	0.9831687131625984
675	1391	0.9817432284191341
693	1014	0.9785565648749222
445	1185	0.955349629137348
645	675	0.9898842486211459
229	1248	0.9605083298316479
1086	1161	0.9848492451192346
572	1126	0.9827933918724683
572	1093	0.9794984990470716
370	1185	0.9867931669080297
1307	1391	0.9619388932792872
1121	1343	0.996932359416327
1155	1387	0.9896132944730984
375	1161	0.9920641323638593
1375	1387	0.9895790818999823
550	1185	0.9614704694756679
1014	1283	0.9912837565434294
392	1369	0.986261380758972
1260	1387	0.9809547953933468
370	1306	0.9832190945568279
1155	1161	0.9828567731878514
392	550	0.9755383061182932
370	1142	0.9932722415959901
375	1185	0.9753539065427056
1185	1375	0.9613274999192281
1307	1388	0.9807021912171101
1086	1393	0.9894694299838336
664	1307	0.9607418865109618
664	1346	0.9768317013244767
469	1346	0.9746190166980753
1086	1233	0.9721330996981925
392	1389	0.9680178791640177
550	1310	0.986305717687274
664	1249	0.9788054092452613
630	1248	0.9634919455527086
1086	1248	0.9837110712795467
392	1383	0.9750990236284924
1307	1387	0.9722658902122931
370	645	0.969050788030986
1178	1389	0.9813781055161329
1256	1393	0.9976116804022245
1178	1346	0.9738902361540197
1310	1389	0.9779505785476457
1058	1178	0.9880760811777253
469	1345	0.9857205187613286
1086	1121	0.9748193965502353
675	1256	0.981604961512884
645	1370	0.989200660584513
645	1256	0.9532420338275792
1161	1355	0.9839176492375983
375	1178	0.977687085011812
1233	1389	0.9609175294244929
600	1381	0.9917558667549693
1155	1260	0.9913358489443155
229	1369	0.9644982350701682
469	1383	0.964041443736295
1058	1369	0.9859353505625008
1126	1391	0.9690255797973972
664	1154	0.9582126203942314
370	1058	0.9664201043586635
572	1068	0.9625213385656526
469	1388	0.9836191440592357
1283	1393	0.9815392698655159
600	1307	0.9749484618039868
578	1154	0.9540266230210168
1346	1393	0.9569752240453888
600	675	0.9892231315351614
1306	1396	0.9680755117174192
392	1260	0.9707206615062121
664	1381	0.9736708770237849
550	836	0.984524994561857
392	1345	0.9818803960580732
630	1260	0.9851094108105184
445	1178	0.9565458253161289
1381	1388	0.9968500099785407
418	1388	0.9804493685787651
229	1260	0.9637215679379689
1068	1346	0.9571735937780501
1014	1310	0.9832641751073348
1155	1389	0.9881025358457853
1155	1391	0.9966703420465197
645	1393	0.9641192832862704
645	1086	0.9868750038186269
1014	1307	0.972939570020084
1283	1345	0.9945502010675727
392	1155	0.9710518522937948
375	1306	0.9804569437305605
354	1387	0.9896412896690626
836	1307	0.9789323930810161
354	409	0.9808066663179162
630	675	0.9815980867756822
1142	1249	0.9807584651054916
457	1345	0.9623335110309255
469	630	0.9776692835816796
1058	1388	0.993918077653651
572	1248	0.9738743371734613
693	1381	0.969411092495085
1121	1369	0.9830152981881362
418	1093	0.9543535001221182
1155	1396	0.9670186426674859
645	1375	0.9826257158022657
1185	1283	0.9925884430208993
1310	1388	0.9924931778485309
600	1161	0.9959042919254693
1126	1370	0.9706353672580116
354	1346	0.9788643572598972
445	1249	0.9679175799783053
1155	1370	0.9811696026423051
1154	1248	0.9641328924272516
675	1155	0.9863549858858442
1307	1381	0.970596554295033
1155	1383	0.9758631574072791
836	1387	0.9964613523460397
392	1307	0.9715433751578
469	675	0.9934053134809055
1233	1369	0.9645812317522644
1086	1142	0.9964975355121881
1154	1307	0.9803487858495841
630	664	0.9837243576306782
1185	1388	0.9839005338802365
354	1248	0.9957379804551931
1014	1249	0.9850573219230316
375	1346	0.9852422942898923
354	1078	0.9735980464746259
1161	1178	0.9856355974928322
1068	1369	0.9722917322246101
370	1345	0.9872562633843227
1381	1393	0.9563438342185808
1078	1126	0.9908857416778255
1078	1121	0.9656509151700099
693	1256	0.9578107239088137
1086	1389	0.9890803967099907
572	1233	0.98521863309999
1086	1369	0.9881284905264223
583	1142	0.9534759773641281
1086	1307	0.9816033128379378
229	1178	0.9720922058974197
550	1161	0.9846450998690199
1343	1383	0.9975196127941105
354	693	0.9728364178961856
354	469	0.9724847082906627
645	1381	0.9871660902845776
418	1260	0.9786485302925181
1155	1345	0.986687452644325
572	1161	0.9749801113900949
375	1086	0.975023717699979
1058	1260	0.9776939764929592
354	600	0.9903495796869861
1381	1389	0.9687883380840469
1155	1393	0.9750200121006578
1178	1387	0.9831398298202315
1126	1346	0.9698298188740642
375	1313	0.9858617473459282
1313	1389	0.9719716556934759
1078	1346	0.971064710388983
354	1260	0.9647647601050185
664	1058	0.9737829843774074
1161	1249	0.995209906196701
1093	1260	0.9864984184338497
1155	1283	0.9900329205462965
1093	1355	0.9792593214308798
1306	1313	0.9833005353167539
1185	1389	0.9843281781977722
392	675	0.9822796482176429
600	1345	0.9863273276396973
1161	1233	0.9658799721915416
600	1142	0.9795848334581714
375	1058	0.9887897484394621
90	341	0.9767315507593116
1068	1391	0.9562539410744635
229	1283	0.9679462620541683
675	1154	0.979382815072344
1154	1393	0.9719980518102551
90	392	0.9563241755466032
1313	1369	0.9937761223790706
392	1370	0.9786084183544493
469	1248	0.9784138036466828
418	1058	0.9729595087793803
1185	1369	0.9898406798606014
836	1161	0.9945109199478597
409	1155	0.9731087324574876
229	1389	0.960663560898638
1283	1396	0.9605948851192642
1248	1346	0.9732173179651761
1306	1381	0.9892164722122427
1126	1381	0.9722719766302983
1142	1383	0.9578707989592008
370	375	0.9566445849601899
1161	1388	0.9934574916771968
600	1155	0.9809611260562596
675	1142	0.9959682514404611
693	1249	0.9815686818314933
445	1381	0.9733217713424802
418	1396	0.9523908108941038
375	836	0.9890686940167988
229	1086	0.9670960924706613
1014	1388	0.9821415358814525
1283	1391	0.9911809017341087
1142	1355	0.9898516842681533
392	1014	0.9702101870931514
1343	1387	0.9917931247534646
600	1388	0.9915425558083528
370	1126	0.9676392143027788
445	1283	0.9685289483502499
1154	1260	0.9655072982885644
1121	1389	0.9527286355254929
645	1078	0.9771950587086811
578	583	0.9659730959033419
1068	1383	0.9645560757195584
1068	1343	0.9664738442290054
572	1345	0.9719679111535227
1058	1283	0.993084189507056
370	1283	0.9826878404396124
418	1310	0.9824426611012138
469	1185	0.9881967509663314
1283	1306	0.9959346012560655
392	469	0.9774324083554955
229	1154	0.9573115673739521
375	1142	0.9652718897100494
469	1307	0.9830840314843947
354	1178	0.9840398774626338
578	1142	0.9702283991810905
1161	1248	0.9918544030255942
1313	1387	0.9901218646450421
1256	1396	0.9908111039755737
1178	1388	0.9857164672436687
836	1086	0.9902978507114258
600	1387	0.9966399610703526
600	693	0.9778645157401019
1068	1313	0.9733574971971757
229	645	0.9611712419318151
836	1370	0.9930911685039848
836	1126	0.9803356000333834
1369	1391	0.9737762029305872
469	1068	0.9584567244844092
1306	1370	0.9835521111147736
457	1306	0.9529590271862455
664	1256	0.9867184045127577
836	1383	0.9915791537501886
229	1058	0.9642679336140271
469	600	0.9799669773404859
1078	1306	0.9855537582693907
445	1014	0.9533854851276771
1058	1154	0.9549770667963178
1093	1369	0.9625358526745582
1343	1369	0.9785743661173465
664	693	0.9686539275461854
1126	1306	0.9775261740105872
469	1256	0.9774156154948068
1161	1307	0.979405631193464
1248	1343	0.983484723320106
1126	1233	0.9789430752161568
1126	1310	0.9653221468820553
409	645	0.9856118194840982
675	1310	0.9842511613004197
229	1121	0.9539718861808306
572	1155	0.9671822856588548
1068	1249	0.9671936443154658
418	1256	0.957395237595762
445	1121	0.9668134096536509
354	1121	0.9881673229470003
1086	1381	0.9822545781067669
1121	1388	0.9901359303851487
1142	1393	0.9937587447473606
600	1154	0.9525135065173851
1121	1370	0.9975720255505858
1185	1260	0.9891206810610138
370	1093	0.981759644952761
1078	1345	0.973632608972121
229	693	0.9564372380643211
583	1014	0.9571067020555915
1346	1389	0.9729546311883255
645	836	0.9886132481081322
1093	1249	0.9726127735146226
1086	1154	0.9742475830753783
1355	1375	0.9619465660667463
1248	1370	0.9863660029579009
445	1343	0.9651045756326438
1086	1343	0.9659221798552231
1078	1370	0.9708210305154548
418	1121	0.9692186601286433
445	1391	0.9699393612670555
1370	1387	0.9952244196532469
1078	1161	0.97823854918129
1343	1370	0.9964545337036758
1142	1396	0.9800941439612002
1307	1389	0.9592651559299785
675	1306	0.9926149077887474
645	1306	0.9827131369718638
1142	1260	0.993771926674322
693	1383	0.9588852032278076
1078	1369	0.9729741323929361
600	1249	0.9921896035278222
630	1058	0.978300886317917
1345	1381	0.9816120560289862
693	1307	0.9786400666926545
392	1068	0.9544590456378861
1121	1307	0.9689424867991936
1058	1307	0.9833096841299265
415	418	0.9583753600287028
1306	1346	0.9900246704294765
375	1283	0.9873360570343368
1248	1307	0.9870925031831564
1355	1396	0.9719269736734025
1068	1310	0.9581278156927118
409	1391	0.9750715657410192
1155	1381	0.9898596346828186
354	1142	0.9720240107838245
1161	1343	0.9929845630601282
409	664	0.9645888656223078
1313	1343	0.9796941901107451
409	693	0.9699452569116647
1233	1283	0.9675731645198447
1058	1068	0.9728863333196165
675	1393	0.9873763549552137
1093	1256	0.9759685440681798
1249	1370	0.9915646337171948
418	1306	0.9833250467234202
392	415	0.9562505688194674
675	1355	0.9909937286699418
418	1248	0.9680042620386639
1248	1369	0.9965772265567421
1086	1093	0.9859448417344311
630	1370	0.9742179718341037
1068	1375	0.9615879815663076
836	1283	0.9960602272274426
375	693	0.9622539717422911
1248	1283	0.9907653205058393
1249	1306	0.9935802794422218
1161	1260	0.9724575785195829
1014	1393	0.9916493359889237
229	1391	0.9545798129884495
469	1313	0.9849564051012545
1155	1388	0.9875955329164119
1086	1396	0.9719138968920781
693	1086	0.9840465081096259
1345	1388	0.9848200791952575
836	1248	0.9853839925058959
1345	1375	0.9621319898681107
375	550	0.9819862039365927
457	1389	0.9793023638279656
664	836	0.980617704691944
354	1249	0.9846778890434917
1249	1307	0.978396939709564
1343	1375	0.9980896951494416
375	1078	0.96723668543202
1161	1387	0.995847861314602
445	1346	0.9709666207042126
630	1369	0.9693148370796109
469	1233	0.9684987456022056
630	1383	0.9710399233074756
1178	1185	0.9962420222727413
1068	1283	0.9708084768425095
1142	1256	0.9895621155093559
418	1343	0.965348058077969
409	836	0.9830564693716035
354	1310	0.979438405115359
693	1389	0.967238837288362
1345	1370	0.9734859664057663
664	1393	0.9943262621935773
1058	1310	0.9916696713983189
550	1155	0.9732688778959896
836	1306	0.9951334845509849
1121	1248	0.9857919568386309
1126	1383	0.9618750492144883
354	664	0.962527759494752
375	572	0.9553937194420474
836	1093	0.968961351714655
1260	1343	0.9524404120181491
572	1178	0.9890423661695951
1093	1396	0.9709389911041078
375	1310	0.9846424347497693
418	645	0.9702615340707808
675	1369	0.9926764948239182
630	1381	0.9839146635120624
392	1306	0.9803487254421894
1313	1383	0.9780732758909956
229	1014	0.9631319355737583
1388	1393	0.9658046299020986
229	600	0.9572820592287863
1155	1375	0.9646015081258177
457	1396	0.9934127549836254
1260	1369	0.9774015444793864
1248	1345	0.9804196933057059
675	1346	0.9798317733444236
1078	1387	0.9730459790695625
578	1086	0.9645317724316264
1126	1387	0.968777541974103
836	1343	0.9878656956041352
693	1355	0.9775042326114314
1346	1381	0.9978181271348201
1248	1387	0.9879832005021303
836	1391	0.9952683281444901
1014	1355	0.9954219658972734
1393	1396	0.9896482410942946
409	1283	0.98531513065097
693	1310	0.9683270957315391
1185	1387	0.9860801062196216
1343	1388	0.9889949767309026
354	1233	0.959101820000824
630	1355	0.9899852796710847
1154	1233	0.9757898970540129
550	1391	0.9838398959923739
572	836	0.9709633031029405
630	1142	0.9774368910369826
418	469	0.9834582747923488
550	1121	0.9889678163005811
578	1078	0.9684663374678757
1068	1142	0.9603507586158075
375	1307	0.9759637045048385
370	418	0.9742646830687276
1185	1307	0.9839094208328275
630	1389	0.983063977885807
392	572	0.9548084058767728
229	392	0.9603128539132424
1126	1178	0.987767637441525
229	1355	0.9643899849102808
1370	1388	0.9946829717963168
375	1381	0.9916690168554924
392	1178	0.9769950886064112
375	418	0.9707138209773646
1161	1370	0.9961487749129254
600	1126	0.9708958928404905
1155	1306	0.9935721598080227
578	1178	0.957917691276609
1313	1346	0.9790905118827637
409	1383	0.9771399486038417
229	1346	0.9540579650375092
1014	1391	0.9844342970829975
418	1345	0.9816465118245894
572	645	0.9795428883012766
675	1383	0.9711497371451409
1121	1391	0.9860744401517696
578	630	0.9564320131604973
1155	1346	0.9944356006034413
1178	1345	0.9858504097059804
572	1249	0.9734129815176049
572	1310	0.9613887771378025
418	630	0.9722064189902024
1142	1389	0.9925579423637859
1078	1343	0.9578359216537513
370	1014	0.9908237948361915
418	1391	0.9806170617835042
1185	1233	0.9839212832400726
445	1161	0.9653723608415248
354	1068	0.9774081810675446
1345	1387	0.9885111718065595
392	630	0.9660001814192101
1121	1381	0.9949014901945301
1058	1375	0.9823783618449631
1086	1178	0.9942265610621251
409	1393	0.9563815146238928
645	1142	0.98036884200902
418	600	0.9766393592255156
354	1014	0.9675686700721591
375	1248	0.988040663212776
469	1343	0.9585998870433718
370	1078	0.9757919455237938
409	1178	0.981679790914703
1185	1256	0.9750315683415917
1233	1256	0.9555862968566236
664	1396	0.9840006296887173
469	583	0.9537808621488049
375	1391	0.9820068091973875
354	445	0.9620474213308581
1014	1343	0.9533142642537502
354	836	0.98732741807832
1014	1155	0.9909760599749381
375	664	0.9613291954571239
445	1306	0.966739988652799
354	1343	0.9885541117114695
1178	1383	0.966281938609858
1078	1185	0.985881662835665
354	1391	0.9762372541555143
418	1383	0.9702985481806088
1178	1306	0.9887230495551946
664	1387	0.9794253908926627
1307	1310	0.9623725924153002
1093	1185	0.987185186654362
370	1248	0.9659382391524953
1249	1381	0.9943057838606546
1248	1375	0.9805911764025332
1306	1393	0.9823674485718747
1248	1260	0.966951943786783
600	1393	0.963423974606817
1260	1306	0.9914459283477182
469	1369	0.9814317560758893
1185	1310	0.9806376854254123
645	1307	0.984900257035165
1142	1381	0.972462948218879
600	1260	0.976619192060477
693	836	0.9782846137613153
572	1014	0.9761663180076072
469	550	0.9650704071043177
1307	1343	0.9633009188671775
1093	1283	0.9742777163504992
1260	1396	0.9845641984341813
1370	1389	0.957106886626736
1078	1260	0.9774864727340253
469	1393	0.9822254390710072
1014	1233	0.9668328649968807
354	1307	0.9834137044958092
392	1313	0.9807406697104362
1058	1185	0.9883827710157269
1345	1355	0.989216993920554
1014	1389	0.9944366999721195
1014	1161	0.9743497348469847
370	600	0.9659908610452079
1178	1310	0.9763550016362694
1283	1375	0.9759114497323836
392	1355	0.9754609288125649
418	1014	0.9761302713497964
229	1233	0.9594875404897247
229	1078	0.9586823239123923
630	1093	0.9628069450617949
370	675	0.9910558433839118
664	1248	0.96538765509337
354	1381	0.9876052092029366
693	1248	0.9762855840550138
1161	1313	0.9933507090720979
1126	1313	0.9819288226712455
1093	1346	0.9583809619683935
392	1142	0.9717537864284401
664	1078	0.9730494951548074
1068	1345	0.9562345102993983
630	1375	0.9579813426150842
409	1369	0.9819905983544515
578	693	0.9574561741429954
1343	1381	0.9938033252647405
836	1178	0.9865071574438378
1178	1391	0.9755599177369767
675	836	0.9890034539472037
1260	1355	0.9921453686244139
550	1058	0.9819459119708994
1355	1383	0.9774599850408314
1185	1383	0.9683331641450854
392	1256	0.9557882720522752
550	1086	0.9659228400799467
836	1389	0.9766972737677717
354	1306	0.9795106512413433
630	1396	0.964576961335122
375	600	0.9871787649172565
600	1375	0.9882088205207324
409	1307	0.9801115572389691
1248	1389	0.9594393027527934
418	1381	0.9792084701832396
418	1185	0.972515712357575
1249	1391	0.9919066932363917
409	1142	0.9728331127264701
392	1126	0.9547650191418876
675	1078	0.9846110173302856
1345	1396	0.9740314043483841
1387	1388	0.995759085240101
645	1155	0.97396878625749
1310	1370	0.9904193693310224
418	1346	0.9793049514179861
1346	1387	0.9939497605336411
1345	1383	0.9712143136768885
1369	1375	0.9768006380594094
229	409	0.9595264432278616
572	1256	0.9642799457718216
645	1343	0.984956324411602
1369	1381	0.9821232434592742
600	1283	0.9933540127022507
354	375	0.9908560626060219
354	1154	0.953100277374439
1086	1283	0.9959083213409224
392	600	0.9817923906014517
469	1370	0.9713046042044773
572	1078	0.9812114041567765
1178	1307	0.9930582087687185
600	1355	0.9829089796824515
1014	1086	0.9961590710120809
836	1233	0.9597532852769606
550	1014	0.9568289127848657
469	1014	0.9898456466583547
1126	1345	0.9634370443436099
1185	1313	0.9930791922394182
229	1142	0.9673259876475898
1121	1283	0.9857122473291317
1078	1355	0.9850475315228937
1161	1393	0.9556545753219932
1313	1345	0.9826175848355463
457	675	0.9562233718475168
370	630	0.9681600188127408
229	1307	0.9641339190251406
1068	1178	0.9722895799168461
1178	1381	0.9781009163869014
1310	1375	0.9823552412563578
1249	1343	0.9860592466889826
1178	1369	0.9900173954635708
354	1058	0.9885122791955856
645	1383	0.9847304511969699
1248	1306	0.9798308158793951
1248	1310	0.9760866164459946
836	1346	0.9960920799685264
836	1369	0.9854263871251927
1058	1093	0.9696491476165683
229	1185	0.9716836592456088
1283	1343	0.9812496379474391
1345	1393	0.9906895152750299
1058	1313	0.9921255124827048
445	675	0.9615583013959772
370	1178	0.9883175457976624
1260	1383	0.9590303534042709
630	1014	0.9852096370954514
418	445	0.98125234005404
409	1260	0.9689511619483485
664	1014	0.9956723829170937
415	445	0.9613648659749041
392	645	0.9817720851148193
600	1178	0.9845274076439647
550	600	0.9868994060353329
550	1343	0.9912561349397166
375	1387	0.991681072792413
1142	1161	0.9758276818499569
1283	1307	0.9833754032884456
1121	1155	0.9794394357559715
418	1161	0.9728724680622868
392	1393	0.9661368327651665
354	370	0.9601259487984639
1260	1381	0.9758132290425998
1178	1343	0.9651279290194004
1078	1388	0.9810895717196062
1370	1383	0.994712440901999
600	1078	0.9733916281957902
1078	1310	0.9707431629719934
418	1389	0.9755503699157794
445	1388	0.9724115696100952
1155	1178	0.9798531411072688
693	1121	0.9692469892696249
1355	1388	0.9923606435746012
1058	1249	0.9980644571526621
375	1345	0.9730604119989199
578	1260	0.9696688344124919
1086	1185	0.9946641307210113
392	1343	0.9727961008211314
1014	1256	0.9864009175404137
1306	1383	0.9799646328167945
1161	1369	0.9897028183984149
409	550	0.9813378245468147
1154	1306	0.9600481016069122
1233	1324	0.9535772640596265
600	1058	0.9932060681709907
572	1185	0.9901427523883366
409	1078	0.9704731960867443
1142	1306	0.9895184007043633
409	600	0.9866871749491595
1093	1178	0.9808389765001402
1126	1388	0.9786122621365291
1086	1388	0.988513820490425
572	1346	0.9598356858240907
375	1375	0.9874771511895641
1078	1248	0.9749217507133265
1058	1161	0.9972770627394191
445	1086	0.9575529038733669
375	1260	0.9626857722496989
392	1283	0.9858907322488503
1343	1345	0.9650013298891291
630	1161	0.9741381192874299
1058	1345	0.9792864829620256
1307	1383	0.9625065852219872
630	1388	0.9840040270957389
469	1121	0.9663394917059391
572	1154	0.9814285993959434
1283	1313	0.9923663625189951
392	1249	0.9760491526453483
418	1369	0.9747072798183336
418	1086	0.9772026446333036
409	1389	0.9616299140116065
1233	1260	0.9664465486807582
1233	1393	0.9571983290426813
1185	1346	0.9775280771553829
229	1161	0.9619539888031132
645	1346	0.97827166379347
469	1178	0.9911627843251576
1014	1345	0.9918594572635416
1260	1283	0.9891229226629077
370	1313	0.976128443882917
693	1078	0.9902064404976599
1142	1248	0.9771204094980296
1248	1249	0.9842104833999039
354	1283	0.9900065824563431
693	1126	0.988763005604868
1086	1126	0.9800960020651743
1086	1391	0.9851516366432638
370	1260	0.9912630107991812
375	409	0.9783325120537272
1310	1369	0.9800826308187396
664	1313	0.9740696176057915
469	1310	0.9764403499092266
600	1248	0.9922671775336619
1142	1185	0.9933572632186698
229	836	0.9606561365039508
1093	1310	0.9619234538250285
229	664	0.9586093527192123
1249	1369	0.9844371457251554
445	1369	0.9609247396587977
229	1093	0.9563055254650898
572	693	0.990039076777685
572	1283	0.9785812021768541
469	1260	0.9863383343266295
409	1126	0.974825051959197
1260	1370	0.9649451110951166
370	836	0.9707800239401005
1154	1396	0.9523429567451436
600	1369	0.9937401634601576
1093	1389	0.9792063562496582
1178	1313	0.9935403632187185
572	1306	0.9716822628205202
550	1346	0.9866179028271285
370	1396	0.984298364156479
1185	1370	0.9781516578821463
600	1086	0.9872103964835994
1381	1391	0.9959350270197553
392	1058	0.9752952606658531
418	572	0.9580521002909791
1121	1313	0.9873227169081871
664	1233	0.9575204648818191
1161	1283	0.9921051683660032
375	1126	0.9668037775462502
645	1121	0.9886230688044455
418	675	0.9797159893149678
1346	1388	0.9932479523276918
469	1126	0.9810804733406315
1142	1346	0.9716907884282144
664	1283	0.9884738523962187
1249	1260	0.9827695666229941
229	469	0.953796371205492
1310	1355	0.9917923991886186
1126	1248	0.9722416196532697
645	1387	0.9918437994707909
1307	1393	0.9617393278218277
1249	1393	0.9642512176235447
469	1389	0.9836411218429371
1355	1369	0.9773586821690979
1121	1126	0.9666176519112237
392	1086	0.9778681169811275
409	1058	0.9861975766502324
1058	1389	0.9679722931810963
1310	1383	0.9895210771120948
1391	1396	0.9542173851061663
1387	1389	0.9747268143548367
445	469	0.9641683122581708
1389	1391	0.9788732036480288
1233	1387	0.9565251862134054
550	1388	0.986293806342657
675	1396	0.968370854000518
409	1387	0.9835044587311605
1086	1260	0.9928243088666329
1155	1256	0.9630909887902865
1375	1391	0.9766380681060676
578	1396	0.9774826170185664
370	1355	0.9827731654501244
1283	1369	0.9925689326650968
418	1387	0.9823228688834135
645	693	0.9812328547146143
600	1389	0.9683705756829707
1248	1391	0.9708663961372253
418	1313	0.9716477438209468
445	1260	0.9543397517364092
1086	1345	0.994369757499169
836	1068	0.969649252679035
675	1387	0.9886918295560558
354	1355	0.9754152689437874
550	1260	0.9560357431310059
445	1310	0.9704371527794512
664	1383	0.9575050766021672
1256	1345	0.9830733781889103
1078	1389	0.9707809337438643
600	1310	0.9899882796478964
1086	1346	0.9809463823635642
229	1381	0.9564520350295198
1161	1381	0.9942214673012257
1014	1078	0.9849629576183745
1058	1086	0.9878990748451568
550	1306	0.975192723527237
1306	1355	0.9974131270998605
1310	1391	0.9976739222769291
675	1161	0.9859129938116189
645	1345	0.984429442576713
445	664	0.9523150430138679
1142	1233	0.9773474654389676
1078	1393	0.9697260618479399
645	1391	0.9772958636798367
1142	1313	0.9842479807005786
370	1389	0.9924855294252287
392	1388	0.9837314639290446
1233	1248	0.9627014636845609
836	1393	0.9675605271876394
354	1313	0.9906267156374963
375	1389	0.9559406019559746
1161	1185	0.9877994501773246
1014	1306	0.9952148027246616
1121	1345	0.970901740939482
229	370	0.9700532970537923
1343	1391	0.9819976820038689
675	1375	0.9619362220180776
836	1310	0.9958350837682505
1058	1306	0.9903432920469821
693	1393	0.9635688529991575
375	1388	0.9923677789790715
1014	1068	0.9519097700428887
418	1178	0.9706013877339601
1307	1369	0.9825148954194853
693	1233	0.9885311374477158
375	675	0.9776552321728988
457	1393	0.9865187025106193
645	1283	0.9925978479887335
409	1346	0.9766211771703859
630	1126	0.9634851730112379
572	1086	0.9817610920530437
1126	1260	0.96778119461616
550	1370	0.9890952861758984
693	1178	0.9889161745342494
1306	1375	0.9658548446847
630	1283	0.9856748240334081
469	1387	0.979291452776932
370	1391	0.9656248688213784
1388	1391	0.9933765988133585
1155	1249	0.9916366150141402
418	1375	0.96099135052701
354	1126	0.972944866986523
469	1086	0.9911753312492473
1121	1346	0.9899181142628144
693	1391	0.966639689975933
445	1058	0.965527266602809
445	645	0.9602262187846955
600	1093	0.9627799529415351
392	1248	0.9825469095058711
1058	1370	0.9937662037827821
1121	1260	0.9621646148359078
418	1283	0.9827379322867438
1185	1345	0.9896696221761667
1093	1126	0.974933792050272
1389	1393	0.9943270944810358
675	1388	0.9869972843983837
600	1346	0.9861290169459788
664	1355	0.9905544086494249
1155	1313	0.9788593931963476
1369	1370	0.9837641528455818
1078	1154	0.973137481056193
675	1307	0.983934930188046
1178	1375	0.956810293282055
1121	1310	0.9902723137388263
693	1388	0.9734366606017071
645	1014	0.9736566312466233
457	1086	0.9597159379057802
1248	1355	0.9744808738203672
578	1389	0.9680026150127503
693	1154	0.9738091746020924
664	1121	0.9616429854983646
1388	1389	0.9723348971933371
418	1370	0.9729750686734528
1233	1249	0.9659931618809787
469	1142	0.990656944946831
1370	1375	0.992196972021955
354	1155	0.9698183666896962
572	1058	0.9772870747675435
354	1185	0.9818156323553295
1249	1387	0.9946942055048928
693	1161	0.980907515079193
445	1155	0.9656313033375472
1142	1307	0.9777841003046093
645	664	0.9697002236296812
675	1086	0.9963989775292126
1307	1313	0.9879184592207517
1307	1355	0.9757531364126233
409	1161	0.9842151045950578
1178	1260	0.9848945995103728
1121	1383	0.9946019495564065
1154	1256	0.9771649153664048
693	1343	0.9578365064906236
583	1393	0.95852595892779
1126	1161	0.9781599982100886
1306	1387	0.991086742040363
645	1154	0.9649452554145683
1142	1370	0.9653915689889787
375	630	0.9669073074934238
1078	1391	0.9726108460037883
1014	1058	0.9812501272271246
1310	1393	0.9652352691195041
1093	1233	0.9765586949890033
1155	1310	0.9956941828858481
392	418	0.9848151896953858
354	550	0.9772089858093371
392	1185	0.9744635907522368
445	1313	0.9632258441307971
229	1345	0.9625098942478802
415	550	0.9560385480091338
370	1256	0.9932272396217909
1369	1387	0.9909440508659908
1086	1370	0.9771879516033103
370	392	0.9727613726260664
1310	1345	0.9859386865387306
1058	1126	0.9851813636655586
418	664	0.9771322821810601
1093	1387	0.960053819274957
664	1310	0.9832088330249491
469	1283	0.9903694256512049
550	1178	0.9587642172566226
645	1249	0.9878237019077194
630	1121	0.9698116262384502
469	693	0.9787443991265493
572	1142	0.9838745208155387
1355	1381	0.9896426508661986
550	664	0.9566169587046269
664	1369	0.9752202200577564
1126	1142	0.9786764976964559
1086	1355	0.9940093218352413
645	1310	0.9804515112463983
1014	1313	0.9778509428261137
1306	1388	0.9940542337779685
550	1355	0.9729545841744418
664	1388	0.9773108041061547
630	1307	0.9601408476836383
1260	1389	0.9975686414089961
1313	1355	0.9827545072469075
370	1381	0.9598847515521034
836	1155	0.9924709943252115
1249	1375	0.9801310150727993
409	630	0.962705567902638
600	664	0.9739412380411235
572	1370	0.9627836358364759
375	1249	0.9865010080916712
1346	1370	0.9916734248926906
229	1155	0.9606610171878249
600	1185	0.9881489291589156
445	1370	0.9709160212260717
354	392	0.981148577143615
370	1307	0.9734989493017225
1093	1161	0.9615885070642576
1068	1307	0.970782295161106
1249	1346	0.9933643541207398
1161	1375	0.9896479440238488
1178	1370	0.9780637852003591
1260	1307	0.965339115999018
1078	1283	0.9842970093161175
229	1126	0.9604917814703258
675	1126	0.9799460933492172
550	1375	0.9899333207955796
836	1078	0.983058401219528
836	1381	0.997460608691418
457	583	0.9526604428513956
572	1355	0.9737062567037857
1058	1233	0.9681405109070573
457	578	0.9662492766179156
1248	1313	0.9928363319036562
600	1343	0.9896910616948658
1369	1388	0.986428320679922
1369	1383	0.9784606712048918
1248	1383	0.9830403178631952
1093	1142	0.9867887549442038
664	1391	0.9845040905371185
1121	1161	0.9969736518917632
1126	1249	0.980589460554125
1310	1313	0.9814868584584147
392	1387	0.9846737313031793
1387	1393	0.965931342664725
409	1388	0.9840136837782358
1142	1391	0.976872300883808
1283	1355	0.9948188743331812
229	354	0.9639197326043283
229	1393	0.9561272165958685
1345	1346	0.9802558345582347
630	1078	0.9691709159707921
1178	1355	0.9873925673954056
578	675	0.9578148439612462
1310	1346	0.9981080104620186
693	1313	0.9848099375647388
664	1345	0.9929670895038281
457	1142	0.9699110962642805
1346	1355	0.9918923186922184
645	1185	0.9901213469542092
1185	1306	0.9879941821935061
550	1387	0.9885950565366364
1068	1306	0.9617290654155244
645	1389	0.9657439294287801
1121	1355	0.9772749246386823
693	1369	0.9756909686804963
1355	1393	0.9805291922566248
409	1355	0.9793724852715358
693	1387	0.9728573024702698
1014	1369	0.976742492355405
354	1389	0.9573533033183756
409	1248	0.9829455912560724
836	1375	0.9820339313569265
469	1161	0.9774298425515937
469	1093	0.9779171335284469
600	1233	0.9634031906251486
664	1086	0.9926602265017082
229	1370	0.9547771061406642
409	1121	0.9809272030080176
1154	1355	0.9576930085847584
1068	1121	0.9694770241548731
1355	1389	0.9884285533781576
418	1393	0.9680186719114872
550	1283	0.9798980665638057
