999	1158	0.9895620251016445
1028	1232	0.9912732286050708
862	1368	0.9885598605739628
1158	1332	0.9916688281986479
1088	1379	0.9760780036782446
1273	1363	0.9815853987987218
1027	1217	0.9719703885482873
1039	1340	0.9881627742101673
877	1103	0.980719344192418
111	1376	0.9840430972831749
712	758	0.9749894007910883
1039	1350	0.9936110337443557
1323	1325	0.9808834019651673
1070	1087	0.9844528022963861
1271	1363	0.9853903359396763
1187	1245	0.973775293561268
188	998	0.9902408909635728
1250	1304	0.9752908358074972
1317	1332	0.9844887464519836
862	1186	0.9798930302552804
1114	1371	0.9782223160569778
1107	1230	0.9774501291711786
1187	1371	0.9757315653419449
1189	1317	0.985412786377996
297	1317	0.9857252998936945
1107	1278	0.9787366143674368
1334	1371	0.9761767182136909
998	1365	0.9758832351270074
1128	1354	0.9956220877342292
1189	1384	0.9814667398539063
999	1368	0.9902194225291068
510	1273	0.9850801927599372
1230	1244	0.9744934299851684
1293	1386	0.982432349620999
1230	1278	0.9904647192849636
877	1338	0.9723157182916626
1061	1394	0.9737531897068332
1103	1229	0.991447896810614
822	1189	0.979202363884504
297	358	0.9740422702090481
649	1364	0.9945429995174515
468	1274	0.9785414036881426
1218	1288	0.98485140975826
1189	1304	0.9783606770793418
1371	1379	0.9765433484209911
1274	1304	0.9731216311088496
995	1340	0.9734570042621237
314	1152	0.9813210750415327
1099	1386	0.9804460570448128
1061	1317	0.9895750425450947
1245	1332	0.9722240507235391
188	1359	0.9904699750017294
846	1329	0.9913352029268154
1158	1218	0.9905676444018119
1158	1295	0.9824652422893463
1186	1380	0.9783125759305866
1229	1278	0.979894831086563
1158	1189	0.9726813944758989
980	1371	0.9820423878972953
966	1107	0.9874166012518156
1244	1325	0.9898302788043477
822	1350	0.9827727599648839
468	1362	0.9954837792852004
1027	1368	0.9729000474268761
468	1379	0.9898820329723896
1055	1394	0.9721729603880396
1087	1168	0.9785452885655965
327	1382	0.9889059014156221
1308	1392	0.9738507257329401
1218	1350	0.9835583834502272
1288	1332	0.9814949730779314
1061	1295	0.9881283762228739
1230	1273	0.9802517285182455
1235	1360	0.9728762868958797
862	1304	0.9739568858849645
776	1168	0.9815349277012841
758	809	0.9770718159887725
1103	1276	0.9839238627679476
1039	1376	0.9905660317067791
649	1362	0.9892920836645666
980	995	0.9803245008553192
980	1273	0.979658797921821
1028	1378	0.9735972160156139
898	1230	0.9748475463122851
1028	1055	0.9849950531702748
999	1107	0.9825920511773298
998	1081	0.9799988626237417
1179	1241	0.9849548242183366
468	1229	0.9910296455201111
898	1087	0.9924344744071194
898	1319	0.9741436354376418
1278	1348	0.9822626264868328
1158	1232	0.9867020951866539
1103	1250	0.9891325441674412
326	1250	0.9896914188635164
877	1186	0.9814950765779112
999	1329	0.995191142959895
1087	1378	0.9772530649771712
846	1332	0.9925915821889095
1028	1293	0.980798657416429
1029	1348	0.9758843981468275
314	776	0.9850691297859906
1081	1278	0.977269123487363
1029	1232	0.9902153654783945
1325	1362	0.9719621002938178
1000	1276	0.9896812868112506
1235	1395	0.9780180563314895
995	1000	0.9885861254701358
1304	1362	0.9882353045542336
210	1340	0.9849906420842738
1103	1379	0.9848269140134263
999	1360	0.9975422917314873
846	1114	0.974754286403952
1081	1288	0.9781461676417706
1168	1235	0.9799479925502452
1376	1395	0.9865700086083602
1099	1339	0.9784809150837122
1189	1254	0.9725588827045077
649	1055	0.9747815172010321
1027	1028	0.9812319437897199
1234	1347	0.9829019972714808
1168	1382	0.9785141478079065
1087	1362	0.9808077709591594
1234	1299	0.9726239037167606
111	1377	0.9808040235189743
1319	1384	0.9772191948632556
995	1323	0.9830602479771682
1308	1323	0.991304935956816
1235	1278	0.9852407364774269
1319	1362	0.9818053688050383
1070	1325	0.9727391961438493
1250	1276	0.9790631325945507
1000	1363	0.9844586633778798
809	1217	0.9737692074619995
846	1088	0.9760823257533191
1319	1380	0.9820801985023324
1061	1368	0.9894625691544878
1317	1363	0.9786935301872985
1235	1363	0.9843276961386019
1055	1304	0.9726452936432026
1107	1363	0.9892551613352523
188	1395	0.9746906940204482
1368	1394	0.9778929911690355
468	1189	0.9811782721450301
1088	1304	0.976139972597988
998	1278	0.972389419242986
649	966	0.978599417923305
652	1360	0.9774049166114969
758	1128	0.9735547179974499
1235	1308	0.9902878712075174
1191	1376	0.9809165311796311
1055	1379	0.9792135038429188
1250	1325	0.9739881991235714
1088	1245	0.9872022093023968
980	1308	0.9898867641269266
1276	1362	0.990309882266835
649	758	0.9770683389920756
1371	1392	0.9844229870679522
865	995	0.984004939515976
1128	1229	0.9830940924134255
1103	1186	0.9906283696939595
1209	1235	0.9839890138033587
1187	1365	0.9748444479302096
188	898	0.979440890323304
326	1395	0.9809273209056608
1103	1218	0.9785464252800747
1168	1354	0.986161664181334
111	898	0.9796571680070443
862	1380	0.9827994465023026
862	1107	0.9771066023145438
1066	1107	0.9883314587613058
1218	1371	0.9818765529388249
111	1293	0.9927031636387218
776	1061	0.9851370995920347
1168	1187	0.9935249683812013
1323	1386	0.9739874084706832
1304	1360	0.9831179073929236
999	1218	0.9895160116086281
1271	1323	0.9721128778149184
862	1070	0.9904410983105713
1191	1293	0.9804704015145136
1103	1245	0.9755281707974791
468	1368	0.992891187198603
1295	1317	0.9865296945880112
1334	1378	0.9734709040141885
358	1368	0.9832212192762013
1081	1218	0.9813188467273715
1229	1319	0.9811804697584687
1029	1070	0.9922340886066643
1325	1350	0.9819390642505921
1055	1364	0.9723097493947055
1039	1081	0.980951773505146
1293	1350	0.9903196855282956
1232	1354	0.978371006067706
1218	1379	0.9907524997926577
998	1029	0.9761609777013583
1191	1276	0.9782727341886132
1027	1340	0.9738022737140506
1066	1187	0.9767403945020912
188	1103	0.9835518307870592
1029	1088	0.9774780790524273
1087	1376	0.9778776566778152
1378	1386	0.9902696766206596
1018	1323	0.9719716732452837
1130	1209	0.9741925321991686
210	326	0.985000046243645
1218	1338	0.9878406235017961
1186	1276	0.9915872411197975
1232	1274	0.9769795953194027
1158	1168	0.9882729946059574
1070	1234	0.973770755065094
1234	1394	0.9771786821052273
1218	1377	0.98293357530696
1055	1066	0.9726836899936758
1229	1241	0.9930234443993757
1103	1329	0.9727038158874063
326	1308	0.9860076759645025
966	1229	0.9832590167135965
1276	1365	0.985368175615044
877	1183	0.9748114175213334
1029	1371	0.9758000448430713
1229	1334	0.9774509228933352
1088	1130	0.9817147449913712
358	1029	0.9754389393842262
1130	1186	0.9807811152381476
1263	1319	0.986033959291629
1186	1368	0.9900214042533745
1128	1187	0.9860203344306531
510	1209	0.9806231260535332
809	1384	0.9934651224611193
1329	1365	0.9741993326218755
1235	1338	0.9846161000545676
1317	1329	0.9847767548432061
1218	1329	0.9914475762645552
758	1158	0.9777933535126108
1066	1338	0.9811157937556749
188	1293	0.9861668511908179
1061	1362	0.9839681863367682
809	1168	0.9855919470813126
1273	1334	0.9895252780161896
1241	1263	0.9897033942110531
1087	1377	0.9924716860206855
1088	1230	0.9835881471659826
1000	1329	0.9807405403935072
1158	1347	0.9737881818603156
1081	1107	0.9758930655133917
1103	1334	0.9904383257012378
1027	1350	0.9822597471198582
1070	1347	0.9733641476193158
1377	1378	0.9752987526698862
1087	1230	0.9895872391176942
1354	1368	0.9898933951554103
1209	1350	0.9898310866909386
1244	1304	0.9749394953054533
1340	1386	0.9801233369418865
649	1263	0.9910805499715256
468	1380	0.9850002860811652
468	1128	0.9827154089288366
1099	1392	0.9854126382121167
1217	1348	0.9763894612094667
1087	1278	0.9911772286670055
358	1379	0.982790859773689
862	1276	0.9797121453885814
1323	1350	0.9935585911361811
1241	1276	0.9746525110651125
966	1061	0.9759976216774167
1128	1189	0.9901581330694984
1029	1379	0.9809352413127549
898	1191	0.9893614480113323
1061	1354	0.9949953692157434
1293	1382	0.9797060128868507
1158	1317	0.9906697617487746
1066	1245	0.9744231956858049
326	1218	0.9760338923249634
1029	1245	0.9918951856383449
1029	1087	0.9778432417597278
111	1250	0.990004951880977
1189	1354	0.9812298996193187
1263	1354	0.9916512009388025
898	1378	0.983703426897405
1347	1365	0.9819777075717876
468	1340	0.9794825493187795
510	1376	0.9733023804679088
1066	1308	0.9833696009888573
1018	1187	0.972499801074919
1088	1359	0.9746834534880164
468	998	0.9803159216398807
1378	1382	0.9742573665697298
1128	1317	0.9902944584000276
1000	1245	0.9737392599664969
1288	1299	0.9862537757540533
468	1218	0.9912308789973188
468	1186	0.9916984314886476
1055	1274	0.9777722398968867
1130	1323	0.9737198400498317
510	1230	0.9772171752841812
1114	1276	0.97858827006512
1130	1382	0.9752846533064656
1028	1087	0.991588974833999
1276	1360	0.9838649938553857
822	1338	0.9735152159508249
1179	1232	0.974367946815639
758	1187	0.9816564630914402
1191	1359	0.9845454202959922
980	1244	0.9817434326832248
111	1039	0.9851869401687102
1183	1276	0.9856704459632476
468	1363	0.9888317495682162
1028	1340	0.9765269885679257
1308	1334	0.9926673892178783
1189	1348	0.9860929972434433
649	1229	0.9808455482652848
649	1360	0.9921235525143741
510	995	0.9746630008577626
510	1278	0.9880264282048818
1029	1235	0.9884762097902784
1271	1334	0.9777181863464208
999	1183	0.9921652846783655
358	1304	0.9776654070565434
1000	1304	0.9876803155620859
809	1362	0.9863220581607084
1191	1232	0.984139017818991
442	1189	0.9853552171151024
1039	1232	0.9802690577518451
712	1332	0.974002873727013
846	1288	0.9742920142797813
1088	1293	0.992870063413158
111	1334	0.9820180643324556
1070	1379	0.9940571295676046
652	1364	0.9863991424274364
846	1230	0.9760883944625023
314	1183	0.9835107370629865
1376	1378	0.9944148083611659
998	1244	0.9770007907426965
862	1329	0.9902437368598092
1186	1384	0.9823485795334048
1217	1319	0.9812465398613517
712	1235	0.980151761126017
468	1365	0.9792459718282684
1244	1368	0.9763421741372049
998	1392	0.9892563040680976
1241	1348	0.9795192449846756
1354	1394	0.9720517540245002
822	1244	0.9722963316820485
1186	1304	0.9913605998662736
1244	1334	0.9901717655600801
1274	1332	0.9913697195592653
846	1000	0.990130446860646
297	1070	0.9782500693000502
1295	1364	0.9968543594213521
998	1070	0.980771238190785
712	1273	0.9761448188935571
1061	1158	0.9937587701606246
758	862	0.9826625879227965
468	1308	0.9859254247598018
442	1240	0.9847383925917194
358	809	0.9820088449872453
1229	1380	0.9781575056424705
1186	1189	0.987250344698033
712	1081	0.9740606173897175
1232	1360	0.9880177335943463
1066	1264	0.9723781299158655
297	1380	0.9889980489267572
1250	1338	0.9732720487955475
846	1241	0.9848924385028448
652	1319	0.9804961288662073
1107	1329	0.9799024756385071
1317	1384	0.995567418897529
846	1183	0.9891277265710439
1229	1354	0.9789745098062326
1244	1350	0.9887329609714801
500	1114	0.9795366047028388
809	1380	0.991798947402061
314	649	0.9862005171219561
468	809	0.9784308403317257
1087	1359	0.9889261083716139
1070	1308	0.9809812751430538
1027	1229	0.9794492868231526
510	1334	0.994461232846856
1114	1187	0.9810634973408047
1209	1250	0.9915033615301712
898	1209	0.9787990777669133
1070	1235	0.9900041768040666
649	809	0.9942003542099174
358	1377	0.9736352724496017
898	980	0.98595524577953
1295	1338	0.9721252295340763
712	1348	0.9931451213980422
1350	1379	0.9913417864593514
1274	1384	0.9886599829464742
1276	1371	0.9718934600576878
1217	1354	0.9781060636948531
1241	1362	0.9828356003389366
809	1379	0.9815783811918624
966	1338	0.9722463019054736
468	1018	0.9810003195683867
1103	1377	0.9953643146395192
297	1384	0.9897052441268976
1061	1329	0.9799736002993362
1128	1179	0.9774820319906135
1061	1107	0.9786589512691993
327	1168	0.9748476636502277
1087	1250	0.9895711941139813
1319	1354	0.9789212342364471
1191	1371	0.9769038116609283
1250	1378	0.9934350182464434
966	1379	0.9822936602219663
998	1334	0.9812202566956374
1232	1288	0.9735317682041343
1070	1263	0.9786509116393528
1235	1334	0.9869858639129022
862	1114	0.9803497934206102
326	1209	0.9753856252255835
1363	1384	0.9731674282859484
327	846	0.9768292166677746
1168	1245	0.9729233904398396
327	1354	0.9751803447916403
1039	1070	0.976365015912942
898	1382	0.9727002244475276
1081	1232	0.9835339546104495
1066	1304	0.9827965494380766
1339	1373	0.99246171224948
995	1168	0.9815218477157106
1070	1229	0.9868598972712106
188	1250	0.9933658251128468
712	1152	0.9794428094292681
1103	1368	0.9855260396512409
468	1364	0.9858978295923817
1235	1264	0.9739187984233896
1099	1385	0.9815084749990417
862	1394	0.9869865290529214
652	1095	0.9723562174719826
995	1338	0.9764245991764995
1191	1334	0.9832413189693183
210	1339	0.9738105461764659
1061	1218	0.9758749257874739
1128	1364	0.9964949315886742
358	1295	0.975955267729963
846	1394	0.9741837646434308
1081	1332	0.9735703619777343
995	1363	0.9800940630335799
1235	1368	0.9838412691454411
1168	1293	0.9736513607946609
1235	1329	0.9753807878118453
846	1377	0.9927305952379453
326	1348	0.9860896523531602
1338	1384	0.9792444521923227
1066	1168	0.9840564293423626
1087	1244	0.9914427901667686
111	1244	0.9726759760832802
297	1217	0.9792691555592002
1028	1130	0.9755587488963691
1264	1308	0.9788354534408392
898	1186	0.9884734945933533
1000	1218	0.9793857879571695
1114	1329	0.9748373788499756
822	1039	0.9731221641779683
1107	1191	0.9795638075010447
1158	1364	0.990515030666643
1070	1368	0.9955671684715002
297	1168	0.9782740427082681
1107	1250	0.9792404028519481
1264	1363	0.9776334355982965
1191	1368	0.9787336403947869
1218	1347	0.9866993310550436
1245	1371	0.9866912107391912
649	1234	0.9736293221801722
1230	1232	0.9719533565711489
188	1235	0.9861738356423653
649	652	0.9874545654594653
1029	1274	0.9761179207869535
1230	1235	0.9856957889420601
210	1363	0.983962930272868
500	1218	0.9842768991351711
1373	1386	0.9792947141161392
1338	1377	0.9882240110665139
1295	1379	0.9774312457349201
468	1039	0.9783745840981717
1241	1354	0.9864712983980892
1186	1319	0.9797898758883453
1244	1377	0.9916332384172998
326	1376	0.9896457268638776
468	1028	0.994711428740743
1028	1081	0.9837707695896291
822	1107	0.9754488065112439
1365	1382	0.9722964538471884
999	1234	0.980621131266803
1070	1288	0.9743672476957855
776	1274	0.9726256579271108
809	1394	0.9743996785703766
1332	1360	0.9950865953620365
1229	1308	0.9838136211893997
1209	1273	0.9821875149355381
468	1378	0.9781672028737658
1245	1348	0.9757528400992497
1217	1325	0.9734750444721261
898	1018	0.983392710227333
1088	1103	0.9814133937902858
1189	1350	0.979275614750292
846	980	0.9754354676237464
111	468	0.9806099764673182
998	1039	0.9886580114841736
1250	1395	0.9809632259641533
1029	1183	0.9809562392237647
865	1027	0.9733286056039092
822	1209	0.9783802453627566
1250	1348	0.9895138315958703
877	1189	0.9837595985717564
1317	1319	0.9782688864951039
877	1179	0.9811918527244279
1250	1350	0.9959759239921331
188	1386	0.9884253716359304
1373	1392	0.9802282228447041
111	1332	0.9720979568462854
1276	1338	0.9920994683344522
1308	1362	0.976357115017906
1334	1348	0.9835645951885523
510	980	0.9756273184700064
822	1334	0.9743676110047865
1066	1276	0.9860232987373521
1229	1340	0.9726686666237102
327	1364	0.9775577001408928
1183	1304	0.987603302550502
314	1295	0.9825116100315502
111	1308	0.9847486125438127
510	998	0.9743780782908394
326	1368	0.9842203337667331
1241	1332	0.9719307248292222
998	1379	0.9807906993877012
999	1319	0.9726535029199784
1245	1293	0.9941623373921186
1179	1191	0.9792752086756651
1027	1363	0.9784763670467285
442	1217	0.9848897609621632
1128	1319	0.9858238277802913
1152	1348	0.977065931941429
999	1028	0.9872813711295172
649	1241	0.987027337712228
1229	1359	0.97422051348467
1029	1250	0.9789373615419383
1055	1354	0.9747656653668615
1319	1368	0.9812235414909694
1354	1360	0.9929579807976687
1168	1329	0.9867456953901458
1186	1348	0.9906544479100039
1350	1362	0.9851197202134383
822	1379	0.9750110638531069
809	1263	0.9916337187659459
1103	1209	0.9841885610827523
1244	1376	0.9768785624843699
510	1340	0.9775641253400542
1329	1379	0.9824255687655632
712	1244	0.984336222914452
712	1317	0.9806305363167026
966	1319	0.9824733822111944
1128	1348	0.9767724392894901
1319	1379	0.9774490131581803
1377	1382	0.9766602020879636
1250	1308	0.9941063389742301
1114	1332	0.9858248606776661
1241	1377	0.9843864312508372
468	1295	0.9825013510978041
1107	1158	0.9774332233026294
468	510	0.9768939191676019
1061	1217	0.9751881093356027
210	1088	0.9847036338256812
1263	1360	0.9829227170199071
111	995	0.9723265888589931
1278	1350	0.9856254075906725
1304	1350	0.984732999574446
358	1028	0.982667920245355
998	1028	0.9784056646857069
1329	1347	0.9820329235086551
1308	1379	0.9836872596007915
1018	1334	0.9719385029319594
327	358	0.9726217234606428
712	1218	0.9750556135620942
776	846	0.9746975634797124
1029	1234	0.9758419844362644
297	468	0.9802916687957973
846	1158	0.9842597371054371
809	1128	0.9946834718830613
1189	1217	0.9938705398609566
111	1379	0.9780393102487097
188	1371	0.9870008508120838
1187	1317	0.9917660205402601
188	1088	0.9849212174359809
1081	1229	0.975115891391255
1250	1339	0.9804306055405236
468	776	0.974185284311973
1186	1362	0.9925071502263212
1191	1379	0.9760490031286748
966	1179	0.9760406932430803
1114	1299	0.9889156427001626
297	1368	0.9853670403005439
1066	1348	0.9907822281955116
1229	1232	0.9806328923413274
1189	1368	0.9856422537836735
998	1339	0.9832759027202929
1304	1332	0.9799333045558212
1334	1350	0.9930052223387256
1229	1274	0.9743902145248988
1245	1273	0.9735098236139279
1168	1319	0.9811691513695
111	1245	0.9854214190257433
1218	1234	0.976442909269305
1066	1377	0.986348242291415
314	1332	0.9807909478329073
652	1189	0.9931062729263811
1000	1334	0.9839332455237972
1323	1348	0.982592156842228
652	1379	0.9794594779264925
1103	1362	0.9828806357815978
1271	1359	0.9855837542801201
1152	1379	0.977724444389932
1218	1274	0.9840302057968688
1250	1278	0.9831070037990819
998	1187	0.9780635033388647
809	1295	0.9924067308956969
1066	1244	0.9821636717102928
1088	1276	0.9795686290505188
995	1186	0.9895463100297832
1360	1382	0.9719661845274485
776	1028	0.9793570362796575
358	1384	0.9838838600095052
1055	1186	0.9772906414640119
999	1066	0.9747942515692445
510	1229	0.9785423038995031
1103	1340	0.9874956774028941
776	1152	0.9940210564742904
877	966	0.9871096481956256
468	1329	0.9900209550114079
1000	1081	0.9832190895677502
1187	1235	0.9829833371512795
297	1354	0.9930491059059992
1028	1368	0.992173518377419
712	1276	0.9728417572737792
1028	1273	0.9773014448801212
995	1081	0.9822343464750336
1128	1304	0.9752121021448477
712	1377	0.9869328874486576
442	1107	0.9789488986995832
822	1029	0.9740708699323799
998	1218	0.9778748226752065
1229	1254	0.9863787016104928
822	1018	0.9813065350846526
314	1263	0.9903589790499536
1317	1338	0.9823131153934561
1081	1179	0.9726495033937471
1186	1245	0.9806627673351299
1027	1250	0.9756357935066926
500	1362	0.9813475047098936
468	1061	0.9740172664014916
1018	1379	0.9789140641831573
1274	1364	0.9896165808633757
111	188	0.9881069894492138
111	1232	0.9862263644638468
327	1362	0.981530792134134
998	1242	0.9863229122765313
1183	1380	0.9856782811679934
995	1066	0.9932963678950235
468	1338	0.9886703172291065
1209	1340	0.981443212144191
1242	1376	0.9768741289073644
822	1028	0.9843444969853121
999	1304	0.9833042806647626
862	1354	0.9870898579304189
1360	1380	0.9911267033343645
327	809	0.9733117547386656
1088	1365	0.9767085835346516
1232	1245	0.9834484114198643
980	1339	0.9738136288887429
1000	1340	0.974388519521072
314	1364	0.9901644304357364
468	712	0.9886165240039888
898	1179	0.9834689569729315
1107	1319	0.9830524593024268
1107	1229	0.9934398637754822
1087	1308	0.9944682315057538
898	1235	0.989916933024465
980	1242	0.9738512868905312
111	1276	0.9800535586183431
898	1039	0.9881059445282944
358	1276	0.9758006739262276
1245	1365	0.9804918030377086
468	1107	0.9904568308627353
326	1187	0.9830189119544945
1107	1271	0.9746074861505278
1304	1379	0.9844828026259748
776	898	0.9761592337301135
1348	1376	0.9803756363164022
652	877	0.9822281411961755
468	1263	0.977700301460962
1168	1189	0.9840010222352433
1039	1244	0.9924680429932438
1186	1241	0.9850563387929913
980	1191	0.9857917655622499
1189	1241	0.9895284544206066
1325	1377	0.9933465163944111
898	1103	0.9954959702908781
188	1323	0.9892543535958152
998	1293	0.9917698616702761
210	1250	0.9930870386680271
1103	1350	0.9926691876291502
1107	1168	0.9900418172424958
314	1103	0.975537715091567
1087	1186	0.9905256533655458
652	1066	0.9780547277324001
1234	1354	0.9723307628672653
822	1186	0.9886289521484759
712	1271	0.9744214091471859
1191	1230	0.9731303929369499
1242	1373	0.9754830138440791
652	1186	0.9815113646803855
898	1308	0.9930617008542416
1107	1317	0.9879031269871281
1152	1189	0.9911924763657463
1107	1189	0.9939047030551362
1055	1276	0.9825529020244188
314	995	0.9753379585141446
995	1029	0.9797986460894343
846	1186	0.9928100348032811
1245	1278	0.975458296602243
1186	1317	0.9875392274664571
111	1365	0.9825207196536658
758	1380	0.9781310016171663
1066	1241	0.9824996675433809
995	1379	0.9783917183998239
999	1332	0.9934756289796565
1240	1263	0.9782136173200544
846	1384	0.9898192760011935
846	1066	0.9876841067015896
1317	1379	0.9949640940585257
210	1350	0.9888968977338517
652	1000	0.9807963763405528
1081	1087	0.9873556539098938
326	1028	0.9760964930587495
1095	1240	0.9806661268736612
1229	1368	0.98532872006743
1000	1377	0.9923442186524787
1329	1382	0.9727719371420219
1087	1241	0.9769891480389856
468	1250	0.9837928319549638
1274	1319	0.9764867934230204
326	1339	0.9773858096036767
846	1379	0.9922810164792353
712	1362	0.9824151993772061
980	1039	0.9911068470667803
500	1382	0.9830041132722879
1158	1304	0.9727239759708252
1000	1087	0.9943806621357321
188	1081	0.9726887047195563
1325	1363	0.9856317363067928
1245	1395	0.9722742815587282
1179	1244	0.9813571328709446
809	966	0.9768647866039
1152	1354	0.9807787769737044
1039	1273	0.9869386607116597
1250	1363	0.9883380813258227
210	1264	0.9759874578391032
1018	1241	0.9823952492943417
1348	1362	0.9868505056941185
1209	1386	0.9789990032683609
877	1217	0.9770088112439281
326	898	0.9890055169308374
652	1240	0.9854727972450945
1263	1384	0.988604619199259
1107	1254	0.9766177082435402
510	1379	0.9731668094716146
1218	1235	0.9898288101987125
1027	1087	0.9799505640963704
1168	1295	0.9815857552884752
442	1263	0.9819550995747828
314	1029	0.9725518829987629
995	1028	0.9905328403554412
1028	1363	0.9853558773346143
1319	1364	0.9796073260200748
297	652	0.9812902516662549
1039	1334	0.9937161408811817
995	1209	0.9865619653582762
500	809	0.9809546619150363
1187	1378	0.9807067570357473
1359	1386	0.9721025899239893
1250	1365	0.976031459835403
1191	1308	0.9914742765811437
1304	1368	0.9822595828430629
1028	1191	0.9856029221091482
898	1293	0.9817874048340091
1232	1332	0.9928558047141529
1018	1317	0.9768355384940705
1039	1378	0.9874159384212677
297	1187	0.9793568717179787
468	1332	0.9899188556440974
1103	1332	0.9719093704309476
712	1028	0.984577597943297
846	995	0.9805000886389046
712	1217	0.9767375415458621
1158	1380	0.988110245365677
1229	1364	0.9811579809730628
314	1066	0.9803812991949274
1229	1360	0.982144709000084
1087	1179	0.9837932585122153
1128	1263	0.996944323561956
1348	1364	0.9759581114211611
1359	1378	0.9764929603281411
1183	1368	0.9836428968837938
188	1340	0.9882236366057675
1061	1384	0.9948473735774861
1377	1379	0.9888634133766675
966	1350	0.9762075767913495
1334	1376	0.9803765933909308
1018	1027	0.9811040860686164
758	846	0.9772101875561843
1293	1368	0.9785806825842965
1114	1218	0.9906879662110193
1029	1382	0.9755818267897816
1168	1218	0.9885958320109872
898	1278	0.9783934048231742
1241	1380	0.9840835096628824
1354	1362	0.9887781750099065
510	1027	0.9751775628000602
809	1234	0.9725062938693956
1028	1288	0.9728647742405105
1368	1380	0.9902022847522359
327	500	0.9891607267541704
1218	1364	0.9810492738163422
980	1081	0.975641177673298
1235	1359	0.9790334419655935
862	1158	0.9933475514803072
1218	1230	0.9739882155249029
898	1323	0.9797001328604578
1028	1308	0.9852591779816056
1339	1376	0.9798440592258576
358	652	0.9743169028838905
846	1276	0.9915153042658236
995	1232	0.9779216574241782
1350	1386	0.9770647126954646
966	1158	0.9751740681819046
1360	1377	0.9783672771922857
1348	1377	0.991915938268026
314	1276	0.9721224882441779
188	1271	0.9722380856237081
1245	1350	0.9831543192357368
468	980	0.9757683103044126
966	1027	0.9833540844420585
809	1241	0.9818486916546312
1107	1218	0.9794390661890195
998	1245	0.9839171435460041
1183	1241	0.9874574417854539
297	1186	0.9737184528247131
314	1158	0.9858201553387772
652	1028	0.9831732200833826
111	1278	0.9785250690841496
1232	1295	0.9738731498297688
1000	1350	0.9847580010489254
358	1000	0.9749886802323717
1028	1304	0.9887157228494089
210	1103	0.9823777127103099
1114	1288	0.973734392257338
649	776	0.9840107709896048
1114	1235	0.9774744268222402
822	995	0.9846319702622346
1232	1384	0.9875191860530346
1317	1350	0.9806793181057163
1130	1368	0.9730144586487443
1029	1218	0.9928001517761003
1066	1325	0.9837883414523918
500	1158	0.9954611350262168
966	1217	0.9793243481017972
1187	1263	0.9806117289938099
468	1304	0.9904207443856976
1158	1319	0.9728188427426817
776	1186	0.9753905574273007
1000	1186	0.9918502670534816
898	1368	0.9892798156422071
1308	1340	0.9932578856166401
998	1395	0.9858099036910105
1263	1338	0.9720124970772481
898	1340	0.9887889273329025
314	1377	0.9767827984508626
1350	1363	0.9919092604237403
846	1028	0.9950650402209826
1232	1379	0.9929276452483335
1308	1386	0.9770027592709472
1191	1229	0.9817159061619865
1107	1380	0.9821731487034602
1317	1360	0.9866047441958254
510	1235	0.9813377373145437
510	712	0.9756464817960517
865	966	0.9813742503924885
510	1323	0.9887601738477811
1029	1362	0.9900285769805992
995	1293	0.9780585237784836
1018	1263	0.9782930543280897
1107	1128	0.9874694997146383
1385	1386	0.9831945766857286
1350	1392	0.9722422116967142
1244	1273	0.9851738222170754
1018	1350	0.9794869933430077
1186	1338	0.9927082847891846
1187	1368	0.997278939668202
862	1028	0.984916009936375
468	1183	0.9893545701934188
998	1087	0.9810146192454967
1028	1254	0.9728698987877162
1189	1244	0.9804784343606114
1066	1364	0.9721257141180903
1066	1278	0.9754986500089295
1350	1359	0.9860544186275235
1107	1379	0.9908768456510018
1088	1338	0.9755423193604718
1274	1347	0.9755727067208043
1027	1103	0.9820398168384343
898	1070	0.9909707481477249
1350	1376	0.9865654739147234
1229	1250	0.9744275847790294
1241	1254	0.9912808224864174
652	1217	0.991965087991912
898	1384	0.9795325262862569
1189	1362	0.9804995952148916
1028	1070	0.9948445730543114
1103	1241	0.9813758473328879
995	1377	0.9841788110780901
327	862	0.9766770038085549
1392	1395	0.989435382790907
1264	1348	0.9763444796447935
1039	1276	0.972658923014009
1055	1317	0.9775592499508751
1179	1187	0.9725666603716387
1018	1362	0.9781626034537365
846	1055	0.9844337649879703
468	1088	0.9740301255663022
712	1329	0.9719420779906043
1028	1245	0.9801922712408282
327	1360	0.975475387756487
1235	1293	0.9977065363716077
1229	1230	0.9835425042218149
1360	1384	0.9937723655205544
1055	1070	0.9868377657042315
1087	1245	0.9816554058848381
1242	1250	0.9854236342924858
1317	1364	0.9927375613412532
1183	1377	0.9795751057845257
1288	1329	0.9803393828790019
1114	1394	0.9906352484257421
326	1186	0.9741333104509957
1232	1377	0.9876919391349589
1232	1273	0.9731300397085461
776	1319	0.9819782946807922
652	1103	0.9773176089984987
1087	1271	0.9765632878927593
1087	1107	0.9895567277530057
326	1244	0.9762591641759747
1081	1379	0.9752907601786454
1245	1382	0.9729789598812413
1186	1230	0.986629209669613
1018	1229	0.9887958547671898
1066	1189	0.9864399364880787
188	980	0.9909024938726778
1293	1340	0.9753320239385073
998	1250	0.9967079796964147
1081	1308	0.9813573952145005
1244	1359	0.9963946804679864
1029	1229	0.9758981690224486
1235	1378	0.9881969253892458
649	1186	0.9822156027395463
1293	1304	0.975650431971861
649	1338	0.9816973058458797
1288	1365	0.9804607925064992
1244	1278	0.987666325396506
776	1187	0.9759943471024881
1234	1360	0.9855903259142511
210	1081	0.9730236609671367
1107	1340	0.9753710089392044
652	776	0.9948225766855714
1329	1364	0.9892161033748545
1187	1189	0.9785543999078454
1070	1380	0.9879375330004745
1299	1347	0.9946708196893976
1081	1338	0.975309333740594
510	1039	0.9861669441696556
510	1107	0.9789769821143404
1377	1380	0.9732013877549419
510	1087	0.9864942699437804
468	966	0.9771525345155164
1360	1368	0.9897299616754747
1304	1308	0.9772708831123185
314	652	0.9822700068209014
712	1039	0.9819268638664983
1288	1338	0.9747490093926852
1274	1380	0.9836008347117139
1288	1293	0.9732916032999592
1000	1362	0.9841023447932329
1276	1334	0.9752277451394893
1362	1378	0.9760804297648746
1187	1382	0.9879217981447708
809	1319	0.9775584592780197
326	1039	0.9835083755512368
297	1319	0.9746097011455018
1000	1187	0.9757962020719453
1158	1186	0.9806606325413738
1293	1338	0.9771501532953475
1103	1187	0.977956298806467
1066	1250	0.9795666174538491
1029	1368	0.9798651537709718
468	1158	0.9804002180833853
1273	1371	0.9737585148446333
1018	1276	0.9747355426494955
1304	1323	0.9765906822958378
1055	1362	0.9834978611029305
758	1360	0.9761389763236905
1029	1066	0.9805581603505309
1364	1380	0.9959798997937914
846	1295	0.9826720386614103
1191	1323	0.9788576250437209
649	1189	0.9828495812872502
1244	1264	0.9733138612777317
326	1392	0.9864883634164658
776	1363	0.9742986461496178
1027	1334	0.9801648794124962
1081	1191	0.9825180294019995
846	1348	0.9918639849535615
1276	1347	0.9750961492997433
358	1380	0.9760566052068949
326	1070	0.9842051430718032
1186	1295	0.9719185499887744
500	1384	0.9864044036747444
1028	1348	0.992967746238394
358	1070	0.9845702194782358
326	1107	0.9752261021736295
652	898	0.9778016067894457
1377	1384	0.9781784244284026
1364	1368	0.992050138721408
1218	1232	0.9959548474827183
966	1232	0.9751920944390498
314	1354	0.9877930846989995
314	1107	0.9885436319292681
314	327	0.9768577989266387
1158	1263	0.9800816354500386
1329	1360	0.9969341398742884
314	1329	0.9805246977240311
1209	1244	0.9851020695892526
1061	1263	0.9921632899962213
1187	1293	0.9801200931864241
1152	1244	0.9747521210953655
712	966	0.9735360685753813
500	1364	0.9805170647508524
1347	1366	0.9805019463500324
1088	1340	0.9723022323437787
1186	1377	0.9912697988573234
898	1263	0.9735070796481297
1018	1107	0.9879572239969248
846	1232	0.9972795501032936
327	1158	0.9895773162401047
1382	1384	0.9798635375393832
1250	1293	0.9949375154106408
1273	1293	0.978903303501918
1354	1384	0.995044691016348
1230	1348	0.9771738530025484
822	1000	0.9745893810540163
898	1377	0.9935744939333321
1263	1379	0.9812904827098377
1000	1088	0.9756816253294927
1066	1254	0.9739914987095675
862	1183	0.9833153586437353
776	1018	0.9802020728610183
1186	1191	0.9790793852898361
1235	1371	0.989547465152445
995	1334	0.9821615429290677
326	1378	0.9957397088653733
1128	1332	0.9805887450675548
1183	1360	0.9928728146971564
995	1039	0.9874949645336866
1055	1218	0.9882044580681044
297	1183	0.9823258250155356
1018	1377	0.9833049438849775
877	1304	0.9728603394813851
1276	1368	0.9809584775417386
1299	1394	0.9845376563326536
998	1340	0.9872301356420466
111	1000	0.974960617391183
1308	1317	0.9746846206246348
1070	1186	0.9923500110079433
846	862	0.9855788897550726
1254	1325	0.9857618614109155
327	1394	0.9853923562212135
966	1354	0.9774684617557308
1230	1350	0.979987198557291
1362	1363	0.9786429378701457
1088	1232	0.9806823352324786
358	1360	0.9844768108849089
1088	1186	0.9822748087326504
1362	1394	0.9821790352968636
314	1368	0.9914118221062265
1179	1363	0.9827391752316611
1128	1338	0.9755915387360609
314	1087	0.9735087060340646
652	1061	0.9807357918321976
1209	1348	0.9842734040670966
652	966	0.9854234648194964
1018	1230	0.9749802213051801
1338	1350	0.9814182744930939
877	1018	0.9888130518086284
468	1245	0.9759603558757148
1234	1276	0.9735624330412489
712	1107	0.9898269786964897
1081	1323	0.97624884226692
862	1168	0.9896577863511824
1232	1380	0.9819477490950371
998	1359	0.9789968259632649
1242	1293	0.9818783774690877
1334	1363	0.9854186994533143
877	898	0.9793550217237058
1018	1152	0.9757364595609879
1382	1394	0.9789181481897665
1039	1066	0.9806292734331288
846	898	0.9939366743544277
1329	1384	0.988860585253745
649	1187	0.9866971537173952
1274	1288	0.9727997898768885
652	1179	0.9798277207757191
846	1293	0.984230877882259
776	1364	0.9869661281541541
1242	1245	0.9755365607091978
1070	1360	0.9929605384797473
1070	1230	0.9752152728815155
1028	1384	0.9851678142695365
358	1263	0.9721202221092771
1230	1334	0.9848252116409635
1250	1376	0.9943505970815785
995	1276	0.9819270196287777
809	1329	0.9870640275774915
1114	1366	0.982390378231137
1186	1229	0.9929537353795901
1263	1317	0.9859038233784536
1039	1087	0.993174748549976
1217	1380	0.9727337737139637
326	1103	0.9806207034738785
1299	1332	0.9809013377573433
1245	1276	0.9864913416540786
1087	1189	0.980080456561474
1029	1107	0.9739281491235405
1304	1354	0.976727166774946
649	898	0.9729306408736829
1347	1362	0.9740108472122668
468	1235	0.990596148748035
1317	1348	0.9836041689840572
712	998	0.9744323405727844
1276	1323	0.9732756727436546
652	1362	0.977185153123797
877	1168	0.9786515663052702
1230	1323	0.9825701799606843
995	1189	0.9830766111983285
809	1070	0.9833276694870587
776	1263	0.994638764868654
758	1384	0.9815626446366283
712	1189	0.9823480715054365
1338	1380	0.9744503489524369
1039	1278	0.9892107216695248
1218	1348	0.980082904476965
809	1158	0.9908568342287681
1103	1217	0.9728015127288296
999	1055	0.9809352774458808
862	1332	0.9933253626032488
1235	1244	0.9805813689827483
1070	1107	0.9893712858342036
1066	1186	0.9903536539812756
297	1158	0.9790060673288667
1332	1365	0.9821219620866196
776	966	0.9867906759817615
1000	1278	0.986474233089226
809	1229	0.9730379116794154
1114	1293	0.9809058307690279
1278	1338	0.9761187189231392
1018	1189	0.9914495761927851
995	1359	0.9779946056278271
1254	1304	0.978700670153772
1107	1360	0.9811574611407332
1334	1359	0.9896538971599105
822	1348	0.9775650669817588
652	809	0.9841457331571193
1376	1392	0.9946495016611812
846	1363	0.9876451315317565
1168	1379	0.9899985194356727
898	1244	0.9896783230864159
846	1382	0.9810555182008966
1191	1340	0.9908178286604474
649	862	0.9890180381409179
1028	1317	0.9885876482796315
1232	1347	0.9731535770188718
111	1209	0.9779589930957859
1242	1339	0.9867394185683527
326	1362	0.9801042939761804
776	1217	0.991337409460149
1373	1395	0.9792236920248987
1276	1308	0.9752941442590971
314	1304	0.9753982087637154
898	1334	0.9815726813301401
877	1027	0.9776113696530679
649	1029	0.9725443193650558
1187	1229	0.978167479621942
1263	1329	0.9769652327049072
1028	1295	0.976455440334123
468	652	0.9778525401904952
111	1029	0.9776840281515595
358	1055	0.98818896680823
210	846	0.9741402039664473
1029	1055	0.9817516895115838
1232	1378	0.9886838650041035
1295	1329	0.9878375107288571
1087	1325	0.9908273582461025
1018	1039	0.9743015478533189
712	1168	0.9791415959754789
1232	1371	0.9847392857694298
1028	1263	0.9807632164177917
1039	1325	0.9802716018443483
1028	1338	0.9899207981013485
1217	1379	0.9731817450755075
1273	1276	0.976036176115896
1230	1362	0.9731258175932993
1250	1340	0.9875525868731404
898	1168	0.9870435171343777
1385	1395	0.9829452583218048
1000	1179	0.9863759149442146
358	846	0.9816796001570682
1055	1377	0.9759965198087726
1183	1232	0.9818014649900606
1039	1271	0.9791036086380193
809	1364	0.9961964506936505
1191	1250	0.986815070754469
1191	1245	0.9737520970599949
1179	1217	0.9741657403234643
1360	1394	0.9799095159216906
1209	1376	0.9853394898105341
1107	1179	0.9837482782826525
510	1066	0.9729196539466092
846	1061	0.9771746835746165
1070	1350	0.9879713911733572
1365	1371	0.9849046199313165
776	1027	0.9731423180229486
1107	1323	0.978779147074778
776	1158	0.972821115595497
1081	1250	0.9821564773393947
758	1362	0.9784496664927758
898	1027	0.9800439021675449
1070	1382	0.9836057459413812
1128	1232	0.9767434082118683
999	1189	0.9762923478458287
1027	1168	0.974194019073781
1088	1334	0.9905235918793416
898	1329	0.9756042278862752
314	1274	0.9830606441313982
1334	1377	0.9898514083714077
1179	1379	0.976044549118181
326	1323	0.97319137447344
999	1354	0.9930039019425315
1186	1382	0.9795481646742047
1183	1218	0.9817091999911409
1087	1323	0.9878813023772013
1276	1299	0.9744213555014687
1232	1235	0.993286796941764
1158	1384	0.9950829822306484
358	649	0.9853594409679075
1168	1241	0.9818779212542639
1018	1103	0.9808693245214863
877	1230	0.9797653843310219
809	1152	0.9763063123076442
980	1376	0.9928831717177045
1055	1230	0.9720387273166725
358	1187	0.9843034211557803
1186	1235	0.9883569539033026
898	998	0.9837935889799816
1242	1323	0.9755039548787663
1217	1364	0.9778014725213781
877	1070	0.9732730889185024
1055	1245	0.9735770187294401
1027	1179	0.9735835406288015
1055	1332	0.9856905213462366
1061	1379	0.985302351826538
862	1362	0.9911838409873563
510	1348	0.9811485928042922
980	1378	0.9883564039187249
314	1380	0.9884008416500187
862	1347	0.9807234704711767
649	1018	0.9752429281054931
1000	1325	0.9918937780213748
327	1371	0.9722935040298217
1158	1338	0.9785783942918058
1362	1379	0.9931354608258544
1189	1325	0.9771295966248621
210	1359	0.9854522750694724
297	1377	0.972178792616566
1168	1368	0.9918615848156618
1070	1158	0.9895630469976093
314	1338	0.9754922947977847
1070	1189	0.9800417126199366
1061	1070	0.9809711638725322
500	1354	0.982120172337231
468	1066	0.9891595580521788
1299	1366	0.9809515227308525
1317	1380	0.9902234646430859
809	1218	0.9773512427519503
358	1332	0.9853098195422675
712	1379	0.9833269271662407
111	1028	0.9774171644316377
1186	1278	0.9816341322144957
998	1376	0.9946361942392938
1323	1377	0.9860192564274317
1186	1350	0.9909505637286247
1107	1384	0.983757076182058
210	1273	0.9804226578041817
776	1070	0.9746329685603039
999	1347	0.972066067873115
1218	1380	0.9781544806379843
980	1377	0.9795396138867036
966	995	0.9866029169116758
995	1308	0.9849410695438778
809	1368	0.986938086606933
712	1087	0.9850380094824069
314	1061	0.9888269111756824
1103	1244	0.9941743965607988
1081	1103	0.9834268304778107
1039	1308	0.9972895716302198
995	1278	0.9817681765085755
1264	1376	0.9795429330364371
898	1380	0.979055204047227
1189	1380	0.9828286367275507
1179	1183	0.9781235411328606
1365	1378	0.9719116467687275
712	1128	0.9784438771067692
649	1128	0.9945388333473617
1332	1368	0.9905915785905492
1348	1363	0.9944391571118057
1339	1392	0.9882842687764701
210	1244	0.9810889410553927
1299	1365	0.9869427560848516
188	1348	0.9825411157086404
111	1392	0.9754501437893339
326	1380	0.9739021695956125
297	1241	0.9876753311909608
1274	1362	0.988207730054617
1081	1088	0.9760348732445632
862	1382	0.9789901632597944
1107	1338	0.9841249508140593
966	1070	0.9815237373754129
822	1070	0.9736488255545086
1027	1317	0.9736519786699401
1000	1323	0.9796528150755401
1278	1363	0.9790670793607454
1276	1278	0.9779717796501197
1179	1308	0.9791648344388726
809	1107	0.9796959865972017
1230	1325	0.9845415084249038
649	1377	0.9729299290558941
846	1334	0.9759498627599449
1029	1230	0.979972830456346
1363	1379	0.9846168014625871
712	999	0.9765548461204775
1128	1377	0.9735603523375957
1039	1186	0.981383310738096
1066	1229	0.9945203321325842
1107	1152	0.9869943055410736
1245	1334	0.976509748496514
1158	1394	0.9895423095439693
1250	1334	0.9905403839629874
966	1377	0.9760491183291733
1000	1070	0.986664793952813
297	1295	0.992633877531351
846	1263	0.9784596719983486
1039	1088	0.9867007769146364
510	1350	0.9894876946642648
1027	1107	0.9832733118174313
822	1362	0.9742978339094053
1293	1308	0.984660233124456
846	1365	0.9816310783855442
1348	1368	0.9907128210364246
468	1350	0.9880784528975441
1028	1230	0.9843444896489941
1029	1378	0.9723356479899293
1191	1273	0.9909335133025201
1354	1380	0.9920871394152556
1232	1319	0.9720172582451719
649	1000	0.9727627262464902
1229	1295	0.9764333018670512
995	1088	0.9778089734050663
1099	1378	0.9720760729393643
1230	1288	0.9741349781588609
1055	1183	0.9729965959386642
652	1168	0.9814208136531428
1103	1232	0.9868662993379063
758	1218	0.9743066297543649
510	1028	0.9773186544979977
1179	1235	0.9728992271380124
877	1107	0.984438490255074
1276	1379	0.9792656410417293
1028	1332	0.9855186260188822
652	1254	0.9791824458056886
1070	1377	0.9879550890672208
1273	1340	0.9800099257073398
111	1350	0.9865046251157563
1250	1379	0.9842292576356875
1187	1360	0.9909331073488244
999	1061	0.9856368149033914
1191	1362	0.9758430174948005
1288	1362	0.973782066464334
314	358	0.9767777324277075
1061	1364	0.9950402578670697
500	1070	0.9777494414126978
1114	1362	0.9797761953180233
776	1380	0.9834802640635747
1209	1378	0.9809776945583961
1000	1308	0.9868663589381801
1029	1186	0.9872919853235738
1241	1244	0.9741884842613464
1264	1293	0.974419292406863
1000	1128	0.9732164647676143
776	1295	0.979803305983165
1087	1235	0.9914187639269199
712	1376	0.9730323504071374
862	1232	0.9859931384371523
358	1354	0.9846421563417416
1209	1293	0.9832141801093244
1229	1323	0.9736981333892964
712	1263	0.9775985314625102
1186	1187	0.9874184888991551
1039	1191	0.9865069967834227
1103	1179	0.9842587192469076
1245	1379	0.9736983076427805
980	1103	0.9841454261646317
1218	1382	0.9878495792676318
314	809	0.9848176217623035
327	1061	0.9800758748028665
1070	1114	0.9800763678086803
1360	1362	0.9951799711655063
980	1323	0.9851557145734579
1317	1354	0.9907124644340473
1018	1028	0.9891903486868676
776	1354	0.9846047119961568
1028	1183	0.9889540894597595
1232	1368	0.9946899947561838
846	1350	0.9893512275841221
862	898	0.9726176190583649
1029	1293	0.9864376311943586
297	1379	0.9784847660959846
846	1364	0.9875610862241762
326	1317	0.9744178913507525
1241	1364	0.987069758867448
1245	1250	0.9871985416612663
297	1338	0.9720119052142053
326	846	0.9841708377258727
1088	1235	0.9918529000386018
898	1276	0.9820382634738698
1295	1332	0.9820481865771447
809	1028	0.9785930087219956
297	649	0.9860374639664579
1070	1241	0.98059161515836
1191	1209	0.9773055918794538
358	1183	0.9780377402435501
999	1364	0.9947651703483986
1209	1392	0.9735945433991461
1000	1217	0.9735595219828551
1245	1378	0.9797639285515556
1128	1158	0.986411769853838
1323	1359	0.9875350798020408
1293	1363	0.9760122578565232
1130	1293	0.9730156453689052
327	999	0.9741735851820158
1070	1128	0.9841875017789055
1218	1332	0.9964255369475112
1179	1364	0.9759806093197257
1235	1317	0.9751570374053871
1273	1376	0.9755535190132194
1128	1183	0.9876517113487846
822	1230	0.9736064764404586
1055	1158	0.9771657848743651
1103	1348	0.9948644756215964
326	1235	0.9848009327623644
980	1363	0.9857231082999312
1168	1308	0.9729810974539764
980	1070	0.9736071874601113
442	652	0.9912319187070517
1088	1386	0.9777630857513517
1183	1384	0.9861044810502222
1070	1081	0.981920152688642
966	1055	0.9783718717571714
966	1028	0.9879379946407723
468	1348	0.9916273724090322
1000	1029	0.9792861900890539
442	1095	0.9738090380976576
1242	1371	0.9803962116833105
999	1380	0.9916229965621841
1088	1371	0.987908695981085
1081	1371	0.9767224299770552
995	1187	0.9731903828372608
809	999	0.9906869985544184
1348	1379	0.9878816599828459
1107	1382	0.9741491483091027
1029	1384	0.973911110573193
1187	1276	0.9812999536890512
822	1235	0.9734797913406417
1332	1364	0.9862213841468505
1304	1384	0.9771382698596672
1088	1209	0.9863358278379182
1319	1360	0.9743457151875428
442	1229	0.9790345048789376
1070	1250	0.9839417238879866
649	999	0.9930183602324429
1278	1293	0.9793825286292084
1218	1365	0.9873187719166283
1304	1380	0.9754558283816589
510	1191	0.981754621037676
1241	1360	0.9851680513558729
111	1371	0.9890641442031753
1186	1308	0.9845755324549286
1061	1152	0.9785368486871212
1293	1339	0.9801038636690895
1308	1338	0.9731974400485579
980	1278	0.9757473331331992
776	1362	0.9747196562052987
1029	1276	0.9932162449234305
1187	1218	0.9949190769061063
1271	1350	0.9747324303859142
1152	1179	0.9765068713388303
649	1152	0.976458118320209
1232	1276	0.9883364372631469
862	1364	0.9860544618357296
1066	1263	0.9746690925892028
1379	1384	0.9925727076359412
846	1371	0.9745812219589878
1244	1308	0.9963689129182127
1087	1191	0.9899570256601642
1186	1218	0.987391645724998
649	1332	0.9853032177966083
862	1187	0.9929245365290396
1250	1368	0.9810796170457512
1066	1235	0.9829181676079307
1274	1360	0.9919365303504344
1229	1244	0.9863318510045956
898	1029	0.9777714651099473
1264	1339	0.9780806588839908
468	1278	0.9737538678177491
1168	1317	0.9884824482866417
1368	1377	0.9871728442888507
1250	1382	0.9772910385541795
188	510	0.9810112931752386
1066	1273	0.9724360108067698
1332	1394	0.9911485942121667
995	1362	0.9778316327322754
995	1350	0.9854709189822275
111	1382	0.9744618155845792
1179	1304	0.9745454158796782
1332	1362	0.9956822752037001
998	1350	0.99089722786927
210	1039	0.990934376635354
877	995	0.9889149162623945
1379	1394	0.9746646928598486
995	1264	0.9746524817041242
1103	1359	0.9900637124107643
995	1179	0.9807050459862159
1232	1244	0.9731314474550714
995	1087	0.9934324616036256
1087	1276	0.9875019166136356
1055	1384	0.9758078487528028
1018	1250	0.9726663639115225
1028	1319	0.9818034254203232
862	1263	0.9748665078009301
1066	1087	0.9930401885025072
1325	1359	0.9830235553952218
712	1232	0.9855991846424118
1103	1191	0.9922378821240794
1055	1299	0.9720463782487931
980	1232	0.9789439877501802
1128	1168	0.986571398184497
862	1274	0.9895639729324119
998	1088	0.9850408953128902
1070	1317	0.9894472318582659
1066	1103	0.9886695209879137
1029	1103	0.975043720629067
877	1377	0.9774991067958892
846	1081	0.9829085197607448
1340	1378	0.9842855568876603
898	1362	0.988089332273547
1039	1359	0.994903043517251
1245	1377	0.9736403889243553
898	1363	0.9950638935667973
1276	1348	0.9824987425950383
210	1242	0.9743000725174399
1183	1332	0.9858202682126838
822	1377	0.9757761499646924
980	1264	0.9785834079537329
1088	1350	0.9908781952872177
898	1317	0.9831720869263313
297	999	0.987504243521093
1245	1376	0.9744971152094453
314	1317	0.9896533387341028
1183	1362	0.9915182487868095
999	1128	0.9897835105648781
652	1317	0.9835111610909069
1371	1395	0.9845523597657957
210	1232	0.9791724233321772
898	1088	0.9748764500431071
1274	1276	0.9772400420359845
1000	1209	0.9736040002205526
468	995	0.9805729961076193
1348	1382	0.9754331568963119
1103	1338	0.9823049782290039
1232	1293	0.9903537742657158
297	809	0.9882861227941789
1061	1187	0.9890266995068548
1070	1245	0.981153589440076
1029	1394	0.9794166138868827
1114	1158	0.9785903825831372
966	1103	0.9768172365357958
1235	1350	0.9930434824582621
1276	1325	0.9785576877073361
898	1376	0.9799683242254906
1000	1055	0.9802271723942384
1087	1317	0.9730812893099141
1152	1263	0.9898059524586389
1061	1232	0.9752560556753553
1304	1338	0.9920038410182622
1244	1250	0.9852188260679727
326	998	0.9902913132004494
1241	1338	0.9818864513905481
314	326	0.9721312393818384
297	1028	0.9767750174885663
980	1386	0.985433005939772
1000	1359	0.9776688325485219
1027	1278	0.9747501710505607
1271	1308	0.9842408349890548
966	1368	0.9829257308327368
822	846	0.9735996104423095
822	1250	0.9771717045775394
1128	1152	0.9870817511226057
1218	1378	0.9771976341276131
327	1379	0.985368666326569
980	1392	0.9849518927763157
1183	1186	0.9858179293950872
1217	1317	0.9766744554909512
1278	1334	0.9939270515552838
1179	1368	0.978856606284836
1323	1340	0.9760886294576807
1066	1323	0.9742826633564572
1363	1376	0.9834141655767878
1186	1232	0.9892890791647733
1339	1378	0.9849214459588949
846	998	0.9811829801845358
898	1028	0.9915531696640695
468	1244	0.9801261846012057
1070	1183	0.9886556314474856
442	1152	0.9803796661348987
1348	1384	0.9778030754698086
1271	1325	0.9755975135868681
1340	1371	0.9733142059968498
1304	1377	0.9913075068172734
776	1066	0.9740627549066334
712	1368	0.9899103688604639
1061	1183	0.9785956472070152
999	1179	0.9767339644545284
1070	1323	0.9723372643450366
1087	1379	0.980007002796292
846	1319	0.9762627783395352
1000	1107	0.9904189807786253
1028	1168	0.9916854810237715
966	1000	0.9791871916426438
1028	1365	0.973691548098991
1000	1317	0.9779262499341198
1209	1377	0.9786026898475843
1028	1152	0.975692240574411
1218	1362	0.9948970398236312
652	1229	0.9877790867346862
1245	1362	0.9762076967528326
1234	1362	0.9764082203426343
862	999	0.9902128922567308
1087	1293	0.984035894102911
652	1325	0.974937287859158
980	1027	0.9734384006884091
1217	1229	0.9829853678497831
712	1338	0.9733893976079837
1000	1241	0.9864792557375877
1187	1308	0.9748418231270417
809	1187	0.9874393122424765
1158	1274	0.9898428163103103
1242	1350	0.9823614621496788
1168	1350	0.9806463880452376
1229	1304	0.9887655849344974
297	314	0.9868902277426232
1340	1363	0.9930659975758243
510	822	0.9723681772778809
1229	1240	0.9812148073262619
1232	1340	0.9796009802810883
1039	1103	0.9918597400472833
1055	1103	0.9752365614430858
1271	1348	0.9751900587359725
998	1264	0.9770597994406226
776	1241	0.9862942047217266
1130	1218	0.9722298014546222
846	1187	0.9935558463679957
966	1087	0.9772878479312721
712	995	0.9741639159405205
1066	1319	0.9845164384359977
649	846	0.983775906100866
1293	1348	0.9823263886530043
1278	1359	0.9855792767852914
1061	1274	0.989290502202737
1232	1365	0.9859327353211093
1317	1368	0.995002479480825
327	1384	0.9841005012429562
1152	1364	0.9831661729820458
1152	1240	0.9793566172025279
1087	1334	0.9908128200394319
1070	1362	0.9985269485927968
1293	1323	0.986542079103966
1107	1276	0.9806967640053819
1378	1379	0.9819472456501555
1293	1334	0.9832221035675944
1107	1263	0.9885420441598762
846	1338	0.9895968924265921
1323	1334	0.9966465965881952
898	999	0.9809334425310325
877	1244	0.9738917761456238
210	1379	0.9740198056733709
510	1308	0.9896498870717811
510	1271	0.9777877602136142
1070	1338	0.9887552688590642
468	1087	0.9887495974980887
980	1334	0.9837939942015121
358	1394	0.974758378562099
1186	1274	0.9799142331561006
1217	1244	0.9725487180776026
846	1354	0.984468861532717
1027	1325	0.9730927318695513
1186	1340	0.9729043665512298
809	846	0.981362224665742
822	1323	0.9745010208873421
1240	1254	0.9814948934709395
1340	1392	0.9769479465426014
652	1338	0.9742162228509038
1218	1229	0.9769384961325125
468	1384	0.9878070698738569
1273	1377	0.9852732552219493
1235	1386	0.9765768206610834
1018	1338	0.9757592282387941
1081	1362	0.9759682882393976
1329	1348	0.972992163398861
314	1348	0.9825752344453365
1103	1376	0.9792865086564487
1000	1018	0.9827566655045319
210	1334	0.9856237571674826
442	966	0.9819311037286673
1229	1317	0.985386290908297
1128	1186	0.9816310392830763
111	210	0.9931615927931123
999	1350	0.9729305150508112
1070	1191	0.9807985847080414
1039	1264	0.9830955570198825
898	1304	0.9845967568202507
111	1323	0.9829173633780499
1066	1230	0.9828872518920984
1264	1350	0.9817016330268467
1158	1329	0.9863030189952247
1087	1363	0.9905288102743598
898	1379	0.9872906254595071
712	846	0.9888290636647512
999	1276	0.9806978239041322
1347	1360	0.9749384595241701
1130	1187	0.9764371351560225
1039	1386	0.9813631067831019
652	1368	0.9818803626395031
712	1103	0.9902164310045263
510	1103	0.988817747863922
1066	1368	0.9809378842560159
1364	1384	0.9979429952480359
1230	1377	0.9843255852794068
1028	1088	0.977643693955891
1232	1334	0.9746908949750683
822	1179	0.9780508446287257
1329	1394	0.9791405298770179
111	1348	0.981250601606646
776	1240	0.9783958412345567
358	1382	0.9778090575504145
1029	1329	0.9836283281315084
1235	1304	0.9838908496395035
846	1323	0.973787309576656
1187	1364	0.9902600216891317
1230	1308	0.9768813086361401
468	862	0.9833860823812304
1339	1395	0.9813730872726911
649	1329	0.9894155323803784
1274	1317	0.9846395791297017
998	1191	0.9854305470184175
314	1384	0.9901966098536857
804	865	0.9795350863509069
999	1338	0.9841894867956895
649	1380	0.991910225142842
1070	1293	0.9852036441623706
500	1274	0.9821096491017725
1187	1191	0.9726271165953633
862	1061	0.9853032867000787
1000	1232	0.9828583105993565
1028	1379	0.9908702337050131
1329	1368	0.9864155601228926
1304	1329	0.9853692174614063
1179	1362	0.9788792953742045
1209	1245	0.9805639451024606
758	1061	0.9745975031538439
1028	1360	0.9872075600205714
1386	1395	0.9905717405891673
1189	1377	0.9820570593085491
758	999	0.9800835705001444
1099	1376	0.9761607129255987
652	1027	0.9752643091109301
188	1209	0.9872981677321337
1186	1332	0.9832827673797135
966	1362	0.9789946950268568
1274	1338	0.98229763879139
1338	1365	0.9730987732294741
1250	1386	0.9881385494390812
980	1293	0.9850799716341042
1103	1152	0.9725137121447307
1070	1378	0.9817103308812791
111	1378	0.9858581767079613
1000	1066	0.9916805106268203
865	877	0.9873018171871945
1158	1360	0.9891061312606735
1187	1274	0.9854055263379429
188	1087	0.9828420538519631
326	1350	0.9863098434565263
210	1191	0.9819696620522699
712	1187	0.9812644969274051
358	1158	0.9857355779885297
1028	1276	0.9915890202728145
1018	1183	0.9814332660970528
1366	1394	0.978326725462503
652	1128	0.9906328041493633
1379	1380	0.987091443898449
1028	1189	0.9880222894453098
1378	1395	0.987289410246004
652	1304	0.9775638880034603
1081	1334	0.9770332660844553
1152	1295	0.977452877605363
210	1348	0.9817856905185085
1000	1103	0.9941862947450103
999	1382	0.9746131013154172
1055	1081	0.9809071305764208
846	1360	0.9932167828832736
998	1235	0.9904686693081641
210	1376	0.9931968260994941
500	1380	0.9760985616484754
1317	1377	0.9841957255899666
1229	1338	0.9870262712851584
1334	1338	0.9721693446213323
1362	1384	0.9930963499208667
1254	1377	0.9769587017224751
1066	1081	0.9781653630382606
995	1027	0.9869789824617234
898	1245	0.9738777396655998
652	846	0.9780041703189288
1070	1365	0.9811874837173586
500	1317	0.9799054760967022
1055	1365	0.9760776167211411
1027	1382	0.9734681069173985
1028	1107	0.9933412541438286
1186	1263	0.979407712003384
1218	1368	0.991313537979097
1218	1394	0.9887854202499944
1066	1379	0.9789038291621118
314	862	0.9811746419984085
1295	1380	0.9933322573511922
1018	1304	0.980364629202078
1066	1340	0.972274465976419
500	1394	0.9904765986872159
1152	1377	0.9738535193206286
1029	1377	0.9766754556122853
998	1377	0.9800405897066506
468	1377	0.9931989959896849
1250	1377	0.9873911873931358
846	1368	0.9949191212177236
649	1317	0.9896535498534467
1128	1380	0.9927293360728509
1128	1295	0.9921601517888607
1103	1363	0.9947301442608185
998	1209	0.9848292048996081
1229	1362	0.9868041016065325
1350	1368	0.9879097741151345
1186	1209	0.9798067947205539
468	1070	0.9965841560284809
1028	1158	0.9820625123158134
500	1187	0.9882701139383101
468	1232	0.995278849639236
468	1288	0.9722932210483656
966	999	0.9742833414273737
1264	1386	0.9735089680682365
862	1235	0.9727973692089962
188	1273	0.9857459284057846
649	1384	0.9929570724703429
1128	1218	0.9746754504697919
314	1229	0.9831675608232018
846	1235	0.991394135844442
468	898	0.9947659925848295
1029	1317	0.9745070802316761
1130	1235	0.9740023790123555
1183	1189	0.9810504728045686
1329	1362	0.9937428283453141
297	1232	0.9719378235313778
846	1308	0.98577410670169
966	1348	0.9809449067290138
1088	1377	0.9823786639521559
1055	1232	0.9839383741552176
898	1273	0.9809586404831167
1029	1158	0.9793824192909029
210	1235	0.988034811227694
326	1066	0.9742222939950274
1087	1232	0.9838944219153777
297	1274	0.9837004815318717
1103	1168	0.9817915254816147
314	712	0.9782048687896207
314	1363	0.9753359690461822
1128	1379	0.9842377022853259
1107	1295	0.9753124787846406
758	1354	0.9742015290692867
1055	1087	0.974468418150783
712	1191	0.9841522092061261
1103	1183	0.972569174216589
1107	1364	0.9848299106638487
1368	1371	0.9734047802541457
649	1218	0.9799229328486029
865	1066	0.9746678786362486
877	1229	0.9894026719214122
846	1087	0.987909414639571
1218	1384	0.9871735854812513
1158	1354	0.9909186595989521
297	1263	0.9906583907078712
1066	1183	0.9828243160993188
1103	1271	0.9786900419046177
1385	1392	0.9838777304041216
999	1187	0.9914666817051987
1232	1364	0.9817966741399025
1128	1329	0.9844554352856396
1081	1378	0.9756399129824747
966	1128	0.9818877352432662
809	862	0.9866174749764322
998	1323	0.9845904135481807
1028	1362	0.9934982725103971
712	1340	0.986656874535844
1027	1359	0.9753409945553868
1229	1325	0.9907397131403445
111	1273	0.9801266888298437
1235	1242	0.9762319018381956
1293	1395	0.9845550300061727
652	1018	0.9810959874739389
1263	1348	0.9756017086226897
188	1278	0.9828683905912203
1232	1395	0.9746867568505995
326	1371	0.9781371135389834
1114	1382	0.9797538241460912
1332	1347	0.9885973108325902
1340	1379	0.9756647469616873
1363	1378	0.9829258508884582
1217	1377	0.9731748334895848
877	1348	0.9786414660203671
297	1152	0.9840647339148665
1028	1334	0.9802291016603653
776	877	0.9775197464765586
1350	1382	0.9819573234703648
1308	1378	0.9861353459060971
898	1187	0.9840528847269687
1340	1350	0.9857908963958697
1107	1308	0.9872897720440699
1229	1263	0.9820112468099049
712	1070	0.9842172032349517
1229	1377	0.9921496017961682
1028	1218	0.988929647960985
898	1218	0.9810195117838364
1232	1362	0.9958359410910296
111	1187	0.9751761320848835
862	1029	0.9846244125796573
1107	1304	0.9874332741521596
1241	1379	0.9782658075998882
1107	1332	0.9775939111652698
1187	1362	0.9962845100182016
822	1130	0.9889322401955263
314	1232	0.9823559571936619
1368	1382	0.9863831473769944
1273	1348	0.9830497937677314
649	1217	0.9771077771988497
1363	1368	0.9852876271390005
1323	1371	0.9805727515561411
862	1234	0.9774812201099008
500	1332	0.9859278621838199
210	1245	0.9764902417157546
776	1229	0.9809483917969329
1278	1340	0.973392715117795
1191	1348	0.9899670082222896
998	1378	0.9946629433446035
1039	1235	0.989960408254596
468	1029	0.986648734355222
1187	1329	0.9874309474516425
1179	1229	0.9892550202852002
1168	1229	0.9854272797808665
1103	1293	0.9823706640493594
822	1066	0.9797215677809588
758	1317	0.9774556034336553
314	1000	0.975077462646317
995	1304	0.9766696055379951
1081	1209	0.9766077189261628
314	1241	0.9818833713851782
1241	1319	0.9773365221786837
210	510	0.9792218607494325
1274	1295	0.9862040624685128
1276	1317	0.9735949385202743
1334	1379	0.9757173826046996
652	1183	0.979143890272992
1191	1235	0.9878355423205165
1087	1348	0.9944984162929938
314	1070	0.9876151440791132
1070	1179	0.9775372820128508
468	1187	0.9906993685532897
1168	1362	0.9936824528316288
966	1183	0.9767599737040449
877	1055	0.9729143778988731
1107	1217	0.9896357981912978
1187	1348	0.9840490570256657
1028	1329	0.9867606365931991
1070	1329	0.990919714622958
1209	1232	0.9727040240242748
652	1354	0.9858767714842861
111	1359	0.973664412045027
1263	1362	0.9816484361545013
1232	1323	0.9753022994516645
1340	1376	0.9888217955418124
980	1350	0.9867230530342096
1183	1317	0.9807048787755828
1217	1240	0.9908591461687237
898	1152	0.9746210766959729
1028	1066	0.993459843489199
1183	1234	0.9752145740927076
1061	1128	0.9941651969226113
898	1359	0.9843658349998721
1168	1377	0.982037740322807
1187	1380	0.9894611398579927
314	898	0.980631679208448
1066	1359	0.9747156981770524
1364	1379	0.9875065988405373
998	1368	0.9777090999783579
809	1354	0.996667623721221
1000	1332	0.9749578710202498
1229	1329	0.9827746088233748
652	1263	0.9930038096926791
1186	1293	0.9815748553072863
1114	1338	0.9721226737797714
1039	1368	0.9771441374404408
1128	1384	0.9932109742179338
1273	1350	0.9840292550339539
846	1229	0.9901073644739878
999	1000	0.9773119018517102
995	1368	0.9766662515658402
1087	1350	0.9908312234125846
1028	1217	0.9774237083568416
995	1230	0.9877617828774656
1088	1376	0.9815643801846737
1241	1329	0.9827137312776443
1103	1235	0.9906105010530124
712	1359	0.9806405666357958
188	1377	0.9798632055062191
1168	1360	0.9891014262273825
1354	1379	0.9855501776431511
327	1368	0.9866603972893813
1070	1088	0.9752071795011984
1229	1350	0.9823758781041974
1107	1273	0.9760202027016102
1332	1377	0.9757918881054448
652	1329	0.9747299752313343
1183	1329	0.9915707123431794
877	1087	0.9853156064732045
1088	1323	0.9912584860954154
1329	1377	0.9800542388037632
809	1360	0.9920308930518955
809	1232	0.9764784790159926
1209	1371	0.9771792826189367
1209	1379	0.9730619825993791
1130	1362	0.9733571494332567
776	1189	0.993922483628644
1018	1348	0.9840477643188617
314	846	0.9852817048956732
210	1323	0.9870763834490353
1070	1319	0.9805787856114263
846	1039	0.9787938786847491
1070	1354	0.9851919603850893
1371	1386	0.9854439989755412
1232	1376	0.9786930261814206
1029	1365	0.9828331311090273
210	1386	0.9873249910608823
1066	1293	0.9735448773624455
1218	1308	0.9733858882792368
1187	1304	0.9790392868943115
1107	1354	0.983500016219395
1028	1354	0.9822345494480673
1158	1362	0.991027602808601
1263	1368	0.9862426347974259
468	1334	0.975980825792295
1152	1380	0.9790173679133635
1027	1323	0.9782787074178492
468	1276	0.9909293226576534
1348	1380	0.9741030971173406
1103	1273	0.9892402860523024
210	468	0.9734511186707989
877	1000	0.9880955560059498
999	1241	0.9852266324900752
210	1371	0.9855719875500123
999	1377	0.9803375419781778
111	1368	0.9769392973738107
1088	1244	0.974866775031487
999	1168	0.9907667102952706
1055	1293	0.9743631209993052
1232	1250	0.9891316690046096
1245	1338	0.9745174530467078
898	1264	0.9789090604788306
1095	1241	0.9759185634936756
1218	1250	0.9798648822501711
980	1028	0.9759127727633897
877	1081	0.9732322556561676
1278	1323	0.9910936184302765
1380	1384	0.9960753736645747
822	1103	0.973843120206316
846	1128	0.9835866857200576
468	1360	0.9918658366533304
809	1274	0.9919470154102948
1168	1232	0.9907498122924765
1191	1363	0.9899974378441103
1332	1348	0.9754859626670529
1332	1350	0.9739361709303354
468	1273	0.9762973474385177
846	1278	0.9733773538407399
442	649	0.9755113275617757
1039	1250	0.9955739642672994
1158	1183	0.9810790175204418
314	1362	0.9881805464688125
1250	1371	0.9904421966802875
1066	1209	0.9744764734194029
1235	1245	0.992200977112246
649	1276	0.9728814263441734
898	1364	0.9778407128753845
442	1018	0.9784009703672487
712	1241	0.9795395301269508
1340	1377	0.9823062369478641
1018	1240	0.9767398752787169
1081	1276	0.9849649120115977
980	1087	0.984857531943448
1217	1254	0.9742684967588215
510	1293	0.9740258109052254
1232	1304	0.9832266714400925
1179	1295	0.9732287736644616
1128	1274	0.9885145189112214
1273	1308	0.9882528939181154
1081	1273	0.9767714056678709
776	1183	0.9742549466245544
1107	1235	0.9805969436379296
1186	1364	0.980730629160724
1235	1323	0.9874637376055728
1234	1329	0.9868795442721017
188	712	0.9726269184893461
1325	1348	0.9838317137244925
712	1380	0.9766743666075937
966	1380	0.9733413486526489
1029	1299	0.9785603254317834
210	1308	0.9901269964330355
1350	1377	0.9932899946126194
652	999	0.9791213722606185
1066	1360	0.9759189225111398
1114	1245	0.9796410990873712
1308	1363	0.996677358981332
1339	1371	0.9825627985023497
1081	1350	0.982003541373334
358	1107	0.9780155625692089
1066	1232	0.9812492562991162
1107	1368	0.9922823354112891
326	1363	0.9879702497322251
1276	1293	0.9853742781800157
314	999	0.9850522411356043
966	1168	0.9871196274996192
846	1179	0.9840174755954418
1070	1218	0.9956886862136369
652	1363	0.9738669015917386
1186	1360	0.9842540698695121
822	898	0.9728306683197576
1152	1319	0.9744239463783566
712	1350	0.9850706197283541
995	1191	0.9784224261233285
1354	1364	0.9972132234486175
326	1232	0.9886815412631047
1039	1209	0.9942514169855805
649	1183	0.9897879979143169
846	1218	0.9936392420770631
1168	1338	0.9836265554840679
1368	1384	0.995037080236779
1029	1332	0.9886951000486144
1230	1276	0.9892580227265635
1027	1186	0.980728174240159
210	898	0.9792229486411479
1066	1317	0.9766791787293992
297	1229	0.9789975364974342
1308	1359	0.9964567144102615
712	1179	0.9804288493431365
297	1360	0.987756838679691
898	1066	0.9910111461570739
1039	1348	0.9913726621570391
1308	1371	0.9779650162173128
1263	1295	0.9875806105305788
468	1191	0.9871661591443217
1338	1368	0.9839741901635393
1217	1263	0.9914771015407355
1235	1348	0.989229451667367
500	1347	0.97593280867121
1081	1348	0.9832310516940331
776	999	0.9762595694110345
297	1332	0.9780475327873379
998	1103	0.9822396272119902
358	1274	0.9851448387982028
966	1363	0.9719349909802444
1179	1254	0.9727502654390674
358	1128	0.9784235381880939
1055	1229	0.9748129474799514
1244	1317	0.9737806852676535
1242	1379	0.9735938003222571
1241	1317	0.9827802627703086
111	980	0.979809036708813
712	1325	0.9790423421068319
995	1107	0.9855919620724567
1107	1350	0.9887952561771183
1107	1244	0.9863753496945113
1218	1299	0.9822486381368063
111	1088	0.9852966393607199
1191	1244	0.9864368815851363
358	1218	0.985416927434617
1029	1114	0.988115630395723
1000	1368	0.982289592808648
1229	1276	0.9854682270829143
442	1254	0.9723420428999159
998	1130	0.9771396634009252
1271	1340	0.9732268206735918
999	1186	0.9838244730466422
1276	1288	0.9832229594841257
1186	1363	0.9828224020903482
326	1340	0.986927436153489
1168	1183	0.9882362397713134
1317	1382	0.9821484450607847
1371	1376	0.9867338486145811
1130	1379	0.9786563407910934
1308	1368	0.9832477920272524
327	1218	0.9838603341428238
1209	1308	0.9896969901494395
846	1018	0.9787168309799242
1244	1363	0.9952109836396144
1379	1382	0.9883357381980893
111	1186	0.9767731375205788
1000	1360	0.978796922704223
995	998	0.9754337340714758
1359	1377	0.9844365895203069
1028	1209	0.9754859755710823
1187	1319	0.9782648123780449
1018	1128	0.976866018893026
1168	1348	0.9832610460381297
758	1364	0.9784863780018639
995	1250	0.984334805106048
1128	1360	0.9891548340072497
1018	1070	0.9789048181519087
1168	1304	0.9831907811681087
468	1230	0.9766305096286819
995	1070	0.9816442943227822
846	1191	0.9865391055476513
1087	1273	0.988554473445633
1055	1348	0.9742133987853807
188	1376	0.9949921701751614
898	1241	0.9817496707468683
358	862	0.9889010718338327
1293	1362	0.9809301178629566
1066	1218	0.97442091592127
468	1000	0.9906640413765869
1319	1348	0.9780045011565042
210	1209	0.9851900746310516
1363	1377	0.9925388218091392
468	1081	0.9821130183852556
846	1130	0.9732497515547858
1245	1299	0.9726255126671648
1186	1325	0.9836308895902311
1168	1364	0.9880300601650769
846	1029	0.9879889903351042
1107	1187	0.9857044311468439
846	1273	0.9755940201482494
1264	1378	0.9849618910451279
468	1323	0.9728347852467456
1107	1209	0.9742443053520506
1362	1368	0.995080382965743
1066	1217	0.9751352256301846
1232	1382	0.9868798476682792
1095	1325	0.9727953518570127
1000	1183	0.9799926703809549
1189	1363	0.9827238753945864
314	1018	0.9795262713750146
1332	1379	0.986399894554817
1103	1107	0.9929945268487124
1039	1371	0.9822268166665236
1018	1308	0.9758553682128016
1360	1379	0.9850485956484012
995	1317	0.9731974722595995
327	1332	0.9823020499005032
1288	1347	0.9869018231618205
1107	1241	0.9902216377811666
1066	1380	0.9729938040793307
510	1363	0.9866691656778257
1179	1240	0.9726428685931667
809	1189	0.9791610196677505
1039	1245	0.9799136660308883
758	1379	0.9770854918856993
1028	1179	0.988002024983789
1179	1377	0.9841276986638143
1168	1276	0.9834476834869674
510	1000	0.981941388826234
822	1087	0.9775935843137082
966	1186	0.9840989815325067
314	1187	0.9890993385829386
500	999	0.9802396239939037
1235	1362	0.9867410369320521
1264	1392	0.9768728286173621
1027	1066	0.9749038568584403
1029	1187	0.9862757698074536
188	1378	0.9879126845786086
1000	1293	0.9755152710677469
327	1380	0.9737531847547984
1070	1130	0.9743635556769441
980	1000	0.9751825273058161
1168	1263	0.9832255112032293
1186	1217	0.9768439778804789
1061	1186	0.9742824874174012
1191	1377	0.9882661317109637
1168	1363	0.9761492600638362
712	1308	0.9892871573544704
1244	1348	0.9910752533990992
1027	1209	0.9789366000946934
652	1295	0.9806181563240306
652	1241	0.9930392584068676
862	966	0.9781777746218402
966	1384	0.9771855563494064
1000	1254	0.9817954076218867
314	468	0.9847037447310083
210	1087	0.9810351363137513
1191	1325	0.9803658927268335
297	1107	0.9815161099449856
1232	1350	0.9908218267949073
1088	1191	0.9762469670414118
1055	1368	0.9823281130373791
1066	1128	0.9760399571682131
1070	1394	0.9817773157849978
326	1377	0.9786348916336911
1295	1354	0.9937524809363036
1028	1350	0.9895778200203502
1323	1379	0.9782600287466114
468	877	0.9765655179650127
1323	1338	0.9726697791144355
1087	1368	0.9809283773841737
1244	1378	0.9726624634751899
1273	1359	0.9846404101782302
822	1088	0.9781493576628753
314	1055	0.972248842119424
358	1362	0.9848760339852547
846	1317	0.9885398967651003
1218	1293	0.9874404591217075
1000	1230	0.9886388425561823
1087	1229	0.9911527953415504
995	1018	0.989659038321929
822	1276	0.9732559038533402
1028	1244	0.9817326332728621
1230	1245	0.9840258473765557
1018	1368	0.9766843032280431
1241	1368	0.9816174817503733
1081	1377	0.9799710798061787
1274	1379	0.9794670466615998
1186	1254	0.972108312739904
1186	1273	0.9762510527704956
1365	1394	0.9742773603365402
1158	1187	0.996209455038349
1234	1332	0.9870171592141435
297	846	0.9809151777369903
1229	1235	0.9805391154493602
1027	1130	0.9730630764848447
1232	1338	0.9849412217754299
500	862	0.9859998020479479
1107	1377	0.991715983951076
1371	1373	0.9795717849997652
1027	1244	0.9839047565610488
1018	1168	0.9823899581119131
314	1319	0.9857696837306107
1183	1274	0.9844948524347192
846	999	0.9928204710376303
188	1191	0.9858793481900682
862	1218	0.991959816959392
468	1055	0.9833781429476993
297	776	0.9812319417735635
500	649	0.9784551945098697
1029	1081	0.983819352323264
1028	1325	0.9825674845792935
1376	1385	0.9813220334846195
1103	1254	0.9729018085890346
809	1338	0.974440976585282
1209	1242	0.9737914730463153
1187	1332	0.9940803609657378
1114	1347	0.9882745117902101
1263	1364	0.9935279676879727
358	966	0.9777729637535005
1338	1354	0.9795904678210203
442	1319	0.9738816088610927
1000	1338	0.988040151636675
314	1179	0.976985687796681
358	999	0.9857448615354761
898	1338	0.9802543745118713
1000	1348	0.9899431727731088
1359	1376	0.984500904101797
358	1329	0.9868957995829756
1338	1348	0.979792329436866
898	1250	0.9883797497012312
1028	1274	0.9806054113661934
980	1250	0.9935238673598794
999	1362	0.9946913578651344
1179	1189	0.9857860197570232
758	1168	0.978092738591868
1186	1379	0.9908209547347355
1230	1338	0.9852287409265694
500	1360	0.9795333625149831
649	1304	0.9798043204419219
822	1027	0.9786682899480406
1070	1276	0.9908015899147393
1241	1295	0.9858186602979768
1348	1360	0.9755816210393498
1070	1334	0.9719188274360313
500	1368	0.9815437276738088
1218	1304	0.9828386065832788
998	1382	0.9755494084935357
1088	1382	0.9783475669020864
1241	1304	0.9843887867124909
111	1218	0.9817789960732867
1304	1348	0.9796111577063902
1103	1278	0.9896516655551535
862	1229	0.9728497376991843
1308	1348	0.9946703949837852
980	1359	0.9856733132483002
1039	1229	0.9773062335897951
1039	1392	0.9790565955576734
468	1319	0.9739879548281691
1179	1329	0.9725369180051112
758	898	0.9723133476223695
846	1244	0.978579289633816
1293	1365	0.9870227996426789
1103	1308	0.9963443854871934
1055	1191	0.9728281580631154
210	1278	0.9785762883057254
1018	1179	0.9832860522550664
1235	1250	0.9949805028271008
1186	1354	0.9800648816561277
1209	1334	0.9887440950553201
1179	1360	0.9752878822324678
898	1360	0.9785627134298893
1183	1354	0.9880732435142312
1087	1264	0.9721155359059104
999	1384	0.9951221363049152
297	1362	0.9825823244165852
326	1191	0.9776057454034517
468	846	0.9991033465124595
1264	1379	0.9757335768502667
1028	1187	0.9897601077788907
188	1363	0.9845895828053497
510	1325	0.9885105301154531
1107	1359	0.9770619832031221
1103	1360	0.9729384197172855
1179	1276	0.9754706855842674
1130	1377	0.9730494775123686
966	1152	0.9788017539993197
862	1295	0.9802857816969938
510	1244	0.9899151833982451
500	1232	0.9767418693949206
1070	1384	0.9911356009028931
111	1087	0.9828409197539592
1039	1293	0.9875948807155057
712	1384	0.9788259296243988
1308	1350	0.9945926375182816
111	1081	0.9826698292465871
649	1274	0.991398338720282
1242	1378	0.9783566399716759
652	1380	0.9818000856503677
1087	1187	0.974064078811933
188	326	0.9812162859694435
1189	1229	0.989914857817664
1087	1340	0.9825053443804629
314	1189	0.9890794235730324
1028	1039	0.9813970693811673
776	1128	0.9916793981395771
877	1325	0.9796564732297891
1191	1278	0.9831417191134653
649	1232	0.9776891568977513
1271	1377	0.9751244045539591
1061	1332	0.9816821728309528
1029	1130	0.9725452117748896
1168	1250	0.9741965874011207
1087	1304	0.9826856783688294
1217	1363	0.9728185863995864
1218	1317	0.986457106345416
314	1217	0.9811336801175854
712	1304	0.9753409697203896
1087	1103	0.9967470370243829
758	1070	0.978794954389587
1028	1323	0.978351174042855
1187	1394	0.9873259919469302
1152	1317	0.9831663947127711
1384	1394	0.9772279127741653
862	1379	0.9850566169252317
898	1350	0.9905250011039295
1028	1380	0.9806063975958785
877	1028	0.9861573940514017
1187	1347	0.9730381488262014
1070	1348	0.9888040349496863
111	1230	0.9746876147702173
1107	1274	0.9759838918508299
898	1055	0.9777875472614084
1209	1363	0.9811100704651445
1340	1368	0.9784841905075654
1070	1103	0.9865306974827144
980	1348	0.9840526740116906
999	1295	0.9942699829306314
846	1189	0.9808021845219792
999	1103	0.9744089856609428
1186	1329	0.9844063183799721
1028	1250	0.984045477894928
1152	1217	0.9902208742264373
998	1371	0.9910869040553166
1168	1380	0.9877309775380787
1168	1186	0.9887542554452238
442	1128	0.9776240663254298
1070	1364	0.9872636210116472
1263	1304	0.9723207430672147
188	1244	0.9842475879371453
1189	1263	0.9933860144887001
1323	1378	0.9793650057687084
1187	1338	0.982605503303815
358	1232	0.979001696551506
1293	1332	0.9763853966294
846	1168	0.991878298508003
326	1359	0.9760041191061336
1029	1360	0.9814921762027549
712	1360	0.9752201677864062
1158	1276	0.972114714009941
1055	1338	0.9771187311510516
898	1325	0.9849291263907596
1350	1384	0.9743530888348106
1018	1087	0.9836534005044784
1232	1317	0.9858659871257289
1338	1379	0.9844396353855456
712	1066	0.9795805086941173
999	1379	0.9866741922273238
712	1363	0.9916595965978494
1066	1362	0.9846210723393071
1028	1029	0.988310785705838
1242	1392	0.9728754863064739
1244	1271	0.9851775316326314
966	1241	0.9761222948339996
846	1304	0.989546541662035
980	1088	0.9813642046871491
1088	1378	0.9777711343711468
1128	1362	0.9869081445384442
1189	1338	0.9741613898358075
188	210	0.9958481119333338
1209	1264	0.977958189377316
1359	1363	0.9923212401499208
1055	1288	0.9839636171834485
1293	1379	0.9815263639960379
865	1018	0.9783797974540542
1000	1189	0.9810558877034796
1371	1377	0.9725392299348241
1088	1395	0.9726110673357868
1378	1392	0.9928861304856185
1245	1323	0.980543912447976
111	846	0.9816533948941655
1276	1329	0.9884312342871299
898	1183	0.9782087260398344
1107	1325	0.986454259955976
758	1295	0.9739810313345716
1183	1187	0.9842318505488401
358	1229	0.974530151209881
1329	1354	0.9912575971946855
1179	1325	0.980346822734357
1187	1363	0.9766694112477758
468	822	0.9720102909808706
1338	1360	0.9863752946490159
111	1362	0.9759182568962024
1235	1365	0.9874941460966908
1250	1264	0.9838738523450811
1232	1242	0.9748874168940873
210	980	0.9846662432449705
1130	1350	0.9855242831476644
111	1395	0.9751919390548965
898	1128	0.9756665589749693
1029	1304	0.9807300039645588
358	1317	0.9836509871354792
1039	1107	0.9824839101388092
210	998	0.9899098935923039
1232	1241	0.9725150738350216
1189	1360	0.9744581154796492
210	1377	0.979919927537817
862	1384	0.989502742557604
442	776	0.9865557734723256
1293	1376	0.9875037565303284
1088	1308	0.9838390089606377
999	1232	0.9881284830248045
510	1186	0.9802286500510419
862	1338	0.9805743689063997
111	1070	0.9809397807049977
1066	1363	0.9837128214985614
1191	1350	0.9860566089365652
210	1378	0.9894435981598574
649	1179	0.9720024218082249
1103	1378	0.9787564009218033
1099	1395	0.9731328579394242
358	1241	0.9725646136627182
980	1245	0.9767190805305963
1152	1368	0.9805582606465008
995	1325	0.9789935735269693
898	1081	0.9801966863126537
1250	1392	0.9854983218595468
1029	1338	0.9858595575170732
966	1274	0.9720000319977129
1055	1360	0.9790062641278823
1028	1186	0.9966768034739539
1191	1365	0.9761641322791941
1325	1334	0.9866575748595114
468	1168	0.9910039075425485
1061	1360	0.985362652577862
442	877	0.9864702508621035
758	1368	0.9808497025729881
1183	1338	0.9859602994379841
1000	1229	0.9957285499608511
314	500	0.972439139269328
1186	1244	0.981882900420021
1103	1325	0.9920490935666137
1245	1288	0.9741733274855486
1230	1304	0.9829575024546409
314	1186	0.9841636165434122
188	1039	0.9942714150709702
980	1235	0.9865506533597019
1070	1371	0.9766189390837285
111	1191	0.9821577798635872
1187	1379	0.9953770367552881
1308	1377	0.9927521848459201
1304	1364	0.9769314782175678
999	1029	0.9807205965437789
1107	1183	0.9820343799616661
846	1103	0.990941693166951
1183	1348	0.9757700579466224
1218	1295	0.9741564455186205
898	966	0.980458658310374
468	1103	0.9919091813292102
1070	1295	0.9807734728006166
500	1329	0.9780935569348074
1244	1379	0.978265863337437
1029	1347	0.9777553485761499
1230	1293	0.9796389924263453
1070	1168	0.9951189608541137
999	1070	0.992343536118176
326	1264	0.9881098833386119
898	1271	0.9727214971278887
1235	1276	0.9909795188658952
1235	1392	0.9749992563322334
1295	1360	0.9933218420335188
1304	1317	0.9793875669318524
1095	1217	0.973702318527788
1128	1217	0.9868237710898886
1158	1379	0.9912028884926771
998	1273	0.9770996633181335
1241	1363	0.9781285907408221
326	980	0.9852381104103414
1055	1187	0.9830495389797025
1304	1334	0.9790280533668203
1152	1241	0.9867715330995025
776	1384	0.9827178897621569
327	1114	0.9744454319994312
1066	1070	0.9867748454227252
1368	1378	0.9807208021505543
1376	1377	0.9733997267372629
500	1168	0.9748493987399829
111	326	0.9798421858610804
358	1168	0.9837034571661059
1362	1380	0.9900989222749313
1168	1179	0.9758433241845785
809	1332	0.985128328845008
1179	1384	0.9739211133917731
188	1232	0.975402679657595
188	1350	0.9876227848895991
1028	1278	0.9787845622912501
1158	1382	0.9860669684689767
1028	1377	0.9917590421643008
822	1308	0.9727387404218241
1241	1274	0.9777443452398289
1081	1230	0.9821626069173847
649	1319	0.9789580958454149
1244	1340	0.9891387490961137
1218	1245	0.9832296268655734
510	1088	0.9828219079903442
326	1293	0.983448917159191
1234	1274	0.985616477796723
1183	1229	0.9850995132823641
649	1368	0.9869652633838784
111	998	0.9870388545250626
649	1107	0.9838321437558699
1055	1329	0.9842480631705862
1235	1382	0.9795411894239603
1000	1039	0.9814074828849988
980	1066	0.9755897373517008
468	758	0.9751417465094829
188	1245	0.9732486551345816
326	1087	0.9766696209453141
809	1186	0.9764633141849194
510	1304	0.9796262231512205
1187	1232	0.9960865321055643
862	1360	0.989415298008152
1000	1235	0.9860801420014957
776	1379	0.979711773085064
327	1232	0.9830847337049372
1088	1114	0.9723416650906904
1168	1394	0.9747892833950271
1242	1386	0.9809343497219936
1264	1359	0.9739358917141732
998	1386	0.9905889536396286
1329	1380	0.9835298911998094
1028	1364	0.983426255203343
1061	1168	0.983223223798696
1218	1360	0.9895749017176949
1274	1368	0.9841742680955712
1130	1250	0.981008603261367
898	1107	0.9915296426584664
1087	1371	0.9721595273568271
1081	1186	0.9803116167149291
652	1348	0.9769503209401934
1317	1362	0.9907434430145099
1362	1382	0.9832494196117394
510	846	0.9761760568775599
652	1152	0.9911358541456725
1376	1386	0.9954295523784624
776	1179	0.9764893627626268
1232	1363	0.9841430623877144
1368	1379	0.9969463404487672
966	1066	0.9837620356796085
314	1028	0.9868593617313997
995	1245	0.9822874454986488
1245	1308	0.974206296393656
1235	1332	0.9807723079689636
966	1018	0.9871731833255416
1354	1377	0.9734100146782156
980	1395	0.9754287414999464
1187	1241	0.9736368801704287
1103	1304	0.9859382094789895
1070	1244	0.972165759238149
776	1348	0.9769879661223486
1334	1340	0.9780570701571947
809	1317	0.9852372033490074
1081	1168	0.9758240962495202
1114	1365	0.9862851501736801
877	1319	0.9729323932168153
846	1378	0.9802806463312597
1235	1376	0.9854864636026881
712	1378	0.977763507076546
1179	1340	0.9754827990099249
898	1348	0.9954161585801916
111	1340	0.9756908748702942
314	1350	0.9755721715329273
1295	1384	0.9939185756467205
1187	1384	0.9949821351408815
510	1377	0.9900362300556377
1217	1241	0.9869790380676382
776	1107	0.9892708563927783
822	1304	0.9728671863644431
966	1187	0.9806262004360942
1278	1325	0.989443329803017
712	898	0.9916847230422718
1027	1379	0.9775175441426245
1350	1378	0.9880260003845013
898	1189	0.9836036513054074
1332	1338	0.9861340990447747
314	1360	0.9841378960849914
1229	1379	0.9838209894105281
877	1254	0.9759490060722547
297	1364	0.9938918697331776
980	1340	0.9870504600630972
1000	1379	0.9807670835773522
846	1325	0.9804112216671955
297	1128	0.9927485256178497
846	1250	0.9848934626667478
1183	1364	0.9879197837186955
1274	1329	0.9932998580420423
1088	1242	0.9838166796709669
1189	1240	0.9849944739561306
1339	1386	0.9857498961272273
1027	1308	0.9808696051569574
468	1293	0.9824189150427234
1039	1323	0.994621872704349
500	1128	0.9733116862543153
1348	1359	0.9873333958024129
1323	1363	0.9824593916327349
1362	1364	0.9905964005414014
1189	1308	0.9773490742619169
652	712	0.9797482879064108
1350	1371	0.9839886068813131
1000	1273	0.9844313294361132
314	1379	0.9880383681283955
1158	1350	0.9725739530999591
1235	1340	0.9812292236126301
1055	1107	0.9780273280580887
111	1363	0.9774009417586467
649	1379	0.983715761883094
1347	1394	0.9882986693492525
809	1061	0.9955447434208682
210	1395	0.9779828279963556
1242	1395	0.975321878052397
1186	1323	0.9814993389606832
1103	1323	0.9868713591066096
758	776	0.973594810528539
1209	1230	0.9758835373361918
1293	1371	0.9950536468126413
1027	1152	0.9736639570723775
1000	1168	0.9819536156120434
1000	1191	0.9878642914511562
1066	1334	0.9756843913095299
297	1179	0.9735044866084926
966	1317	0.9818271230642646
846	1274	0.9814827636990913
1278	1377	0.9877557461902264
1070	1304	0.9873873088746425
995	1103	0.987518773382164
1081	1363	0.9753114683461634
1087	1088	0.98245179689021
822	966	0.9768504799115525
1276	1350	0.9820834900854184
877	1240	0.9798037537767237
1187	1377	0.9810592245120853
995	1235	0.9839786309040698
1070	1232	0.997960734459179
1187	1250	0.979244547877707
111	1235	0.9923334369265719
1250	1362	0.9788972985769107
877	1276	0.9757579387785296
1000	1244	0.9859133295419282
1293	1377	0.9824167272210419
862	1055	0.989323901863864
1028	1382	0.979572273778338
1000	1027	0.9793645351997071
1179	1348	0.9886125579967886
111	1103	0.9824222349188673
1263	1274	0.9828432701928989
1029	1350	0.9800281460216478
314	1218	0.9792015483062307
1081	1293	0.9844606085193948
1179	1350	0.9768008864779211
510	1359	0.9869582026258933
998	1348	0.9843057737452612
1229	1332	0.9749437645559275
468	1354	0.9822663542491685
712	1183	0.9720968564829092
442	1066	0.9730510341552614
652	1377	0.9775731882648482
980	1209	0.9851662164534835
1061	1319	0.9794024508909327
1152	1229	0.9815434896255903
1029	1288	0.9772744667144817
1061	1189	0.9807684693381578
1130	1242	0.990747131802636
1364	1382	0.9726190518285456
1107	1186	0.99246769328681
1087	1209	0.9871586408784125
1293	1359	0.9724750110680143
500	1379	0.9805470233537025
822	1229	0.9768983813143284
1232	1329	0.9855751523292918
1103	1189	0.9817934129519794
1088	1348	0.9767609081839734
1186	1334	0.9820117856738735
326	468	0.9834986130142478
1230	1250	0.9763836348265704
712	1000	0.9824935607323159
1332	1384	0.9897779932919362
1229	1348	0.9902555301876126
1018	1319	0.9783219861668128
1168	1384	0.989916071448685
652	1070	0.9764730360836948
1018	1217	0.9800848235455725
1107	1348	0.9922426908832009
652	1274	0.97689631207649
358	1186	0.979626406346644
326	1168	0.9760532094964691
1218	1354	0.9808342138470392
1066	1191	0.9799141233152128
1295	1368	0.9836033358572169
1028	1061	0.9757300420640587
314	966	0.9830090440154027
314	1168	0.9899086862606626
1329	1338	0.9900126170122444
1293	1392	0.9813599576171612
468	1241	0.9859087064558596
1018	1325	0.9790954038970097
966	1263	0.980812552891466
1000	1028	0.994405073751116
1107	1232	0.9855899233938632
1087	1218	0.9759605120122783
297	1329	0.9837963038511459
1235	1379	0.9849945807894
1371	1382	0.9835947095782425
1128	1241	0.989357928418244
1276	1304	0.9884992292878707
1273	1325	0.9845194626157792
1232	1308	0.9845487405985013
326	1242	0.9748451330385544
1055	1382	0.9740886102088748
1070	1332	0.9947728282490746
1360	1364	0.9937386344470321
1338	1362	0.9902823551206011
1107	1334	0.9807423118132466
1095	1254	0.9872560721262316
1055	1350	0.9722040863558229
1235	1288	0.9769709988167026
846	1380	0.9861335180100864
1273	1323	0.9861376923199909
297	1061	0.9873973845375701
1386	1392	0.9961354697165293
442	1241	0.9822011146868221
1183	1263	0.9825126494246671
1055	1168	0.9836353654257532
1209	1278	0.9863122941732281
1183	1379	0.9795680142656287
468	999	0.992093539137999
1028	1235	0.9882125420865682
862	1288	0.9770559237286578
1088	1278	0.985390739030168
1081	1187	0.9744805545541919
980	998	0.9933140796842704
649	1168	0.9893193453597775
1187	1295	0.9819220283540653
822	1242	0.9742462836664243
1229	1363	0.9855833249113424
1295	1362	0.9848011381587785
1264	1323	0.978728832740296
1348	1378	0.9846261547972529
1088	1250	0.9920200468738667
297	862	0.9736242904916842
995	1244	0.9833618526168328
712	1334	0.9743528969269336
1179	1317	0.978743690749338
1276	1377	0.9856360583427584
652	1107	0.9910560913685709
649	1066	0.9727511799535649
1168	1274	0.9842949776499447
1027	1377	0.9815362447905036
1018	1186	0.9863807533424966
1028	1103	0.9910732412845196
1028	1229	0.9944043052215201
1039	1377	0.9879039850094841
442	1028	0.9719420918017037
776	1360	0.9731654091596929
326	1379	0.9845176400559574
297	1189	0.9806820386641324
776	809	0.9845305391494537
1235	1273	0.9848996340237831
998	1232	0.987809758914429
1152	1363	0.9773759552475696
1189	1232	0.9732930051712787
1088	1218	0.9782950058617463
1371	1378	0.9894502341699078
510	1250	0.9839380922402716
1027	1348	0.9804855618296031
297	712	0.9739587666792401
1332	1354	0.9874968023532966
995	1348	0.9888654346175832
712	980	0.9735476787872097
1235	1377	0.9906622669062306
1308	1325	0.9865139772774083
998	1186	0.9754039199616622
358	1338	0.9812824331376542
1232	1348	0.9893164980644813
846	1107	0.9905014377471761
1278	1308	0.9884388509524007
862	1128	0.9827154850874524
1018	1363	0.9793823535706825
652	1187	0.9734853005381188
898	1000	0.9900000423049558
1179	1263	0.9769042210897443
188	1308	0.9925119208392559
1235	1325	0.9787116808504635
1348	1350	0.992079270604401
1308	1376	0.988888883877254
1000	1250	0.9794850259819348
1274	1354	0.9940059329627718
1087	1338	0.9806135989271274
1293	1378	0.9905556320455043
1250	1359	0.9866419710312035
1329	1332	0.9952532827050103
1191	1378	0.9784341762998354
1029	1168	0.9872262921992038
358	500	0.9753624312698636
995	1319	0.9763980022257979
1027	1189	0.9821213270154419
1028	1241	0.9865296496267524
712	1186	0.9815392699528476
1232	1394	0.9817370809274157
327	1187	0.9893491036325773
1332	1380	0.9840497555088421
1241	1325	0.984183133583898
1263	1380	0.9902953861419334
758	1232	0.9771713835940757
1332	1382	0.9806925660276806
712	776	0.980867604808398
1304	1325	0.9866022698441561
1081	1245	0.9879307205793583
1087	1183	0.9720498726977111
846	877	0.9745049612404324
1039	1379	0.9798497728937252
326	1386	0.9836515775245456
898	1232	0.99063844203586
862	1319	0.9720864945784967
1244	1323	0.9867962794235356
1103	1230	0.9833919439947912
188	1264	0.9733077305729685
1189	1295	0.975965514359502
358	1061	0.9784320071137246
1070	1274	0.9846037531667824
1338	1382	0.9743493239611738
1039	1230	0.9789661794654427
1183	1295	0.9864301483280484
1168	1332	0.9887676262811504
210	1392	0.9851924987793239
1240	1325	0.9782283450711393
898	1229	0.990955295659567
1362	1365	0.9778603026595526
1107	1362	0.9884266858863536
327	1317	0.979884625644246
1186	1250	0.9841852423544105
1323	1376	0.9829725040866515
1217	1368	0.977391245752764
468	649	0.9830896921669594
649	1070	0.9859476513175998
1055	1235	0.9793766851091988
188	1392	0.9860211529384049
210	1293	0.9884174408380701
1191	1218	0.9763125220954207
1340	1348	0.9899186783002937
111	1386	0.9757679520986975
1179	1186	0.9861460222809845
998	1362	0.9742206027824986
1107	1240	0.9798638216374945
758	1028	0.972627657471746
510	898	0.9805037742385849
712	1250	0.979126731302509
776	1317	0.9834524575127284
1229	1273	0.9764505985517244
898	995	0.9865550688333173
862	1317	0.9866288434830774
652	1384	0.9810300384277485
1229	1384	0.9790727190069219
809	1183	0.9853091968958911
1348	1371	0.9743011330471959
999	1274	0.989789575796457
1152	1384	0.9792687601421199
999	1317	0.9900089810739714
877	1241	0.9819806372997509
1179	1338	0.9769337726304603
1039	1363	0.9905399336434972
1240	1241	0.9842235572309572
468	1325	0.9827793417889434
649	1295	0.9915196030137331
712	1354	0.9740052001005692
1183	1319	0.9776723827049434
649	1028	0.9842480588695794
758	1332	0.9757760853425869
1018	1244	0.9791929865959588
966	1189	0.9887365951005236
314	1128	0.9915889638715989
846	1340	0.9792876695462854
966	1364	0.9777911995866402
649	1061	0.9913126280229947
1189	1364	0.9846734958872175
1018	1066	0.9911369523171641
1158	1368	0.9921203528567755
998	1363	0.9846133061435534
1070	1187	0.9967124356082961
1187	1354	0.9878284306761886
1066	1329	0.9748250669819662
1081	1365	0.97545453616566
995	1273	0.9754811826384785
846	1245	0.9774369339435562
327	1274	0.9726577203031961
1070	1340	0.9732699113361134
1325	1338	0.9822869919356559
999	1235	0.9730349251644808
649	1354	0.994782259147166
358	1364	0.9821694842662858
1066	1350	0.9820708373548381
1061	1241	0.975068172538141
1027	1039	0.9810047539586948
1274	1394	0.9803185669899896
877	1066	0.9896073355218056
1250	1323	0.9928415183886893
995	1229	0.9882689003925156
1103	1317	0.9786393907702307
1276	1332	0.9875606982708249
846	966	0.9785082683583008
1152	1168	0.9726635878627239
468	1317	0.9871551213619456
1070	1363	0.9819379364252505
846	1362	0.9973006177598689
1189	1379	0.9841947465647378
999	1263	0.9826134202362599
1242	1382	0.9726130833535026
1088	1363	0.97280759764131
1273	1278	0.9951426259202198
1364	1377	0.9766281923079256
1081	1235	0.9885835158763999
1066	1179	0.9850311681502646
712	1364	0.9789418030482588
1088	1273	0.9798108602142694
1028	1128	0.9849075463913155
1241	1384	0.9821555681390643
326	712	0.9814139941717461
326	1384	0.9739586732213363
468	1382	0.9757272897124194
1209	1359	0.987288220316448
1278	1304	0.975880002259503
998	1308	0.9882665730645914
358	468	0.9794687606793275
468	1254	0.9731581901233236
999	1229	0.9820293373605795
500	1061	0.9858014099004111
846	1070	0.9980448961142236
1304	1363	0.9779260342171006
1209	1323	0.9921394803843083
712	1229	0.9831172379233033
297	1348	0.972276552874857
1218	1276	0.9898745956620726
468	1179	0.9845626703756938
1183	1254	0.9744527889636985
1128	1368	0.9897115548055644
1362	1377	0.9871654784043016
1338	1364	0.9778105023645263
776	1368	0.9833510116889823
1055	1347	0.9764614502313167
1187	1350	0.9845459143582227
188	1334	0.9888204529767637
327	1070	0.9808126162893458
1081	1368	0.9757958862784334
999	1348	0.9765629210042104
649	1158	0.9891748609235236
898	1332	0.9769239332564836
1250	1273	0.9835489400746211
999	1394	0.9763431939289662
1189	1319	0.9862197101787834
776	1103	0.9720994412091977
1061	1380	0.9923105200685634
1114	1232	0.9832002478199526
1340	1359	0.9894152145775543
1130	1232	0.977565129624666
