403	461	0.9491245014803256
123	309	0.9349813905421905
128	502	0.9726984933949148
115	361	0.905419645228593
138	307	0.9188570910710376
394	403	0.909615028218439
118	390	0.9725562332985842
138	369	0.9562122236010753
319	452	0.9254529731080801
334	390	0.9491130877788155
319	394	0.9612972136850806
309	466	0.9899633495130562
114	245	0.9737080915608403
177	319	0.9717976046163987
236	403	0.9651414891508516
319	396	0.9217877200083084
334	477	0.9593524384974531
87	367	0.9693058668033503
118	461	0.95741323503439
306	491	0.9533011791861736
306	390	0.9574732806949917
233	394	0.8976238133957235
138	461	0.9596175243193039
245	307	0.9709548563838641
214	349	0.9082154720486841
461	502	0.9723494304919583
186	405	0.9892973382617577
363	414	0.8970012591214624
128	361	0.9093804630435827
299	347	0.9239433825944666
108	284	0.9190141148607311
372	452	0.8984169275588365
208	452	0.9139728760969166
300	345	0.9671786112353109
363	461	0.9130415844149242
177	214	0.9903364059985449
345	378	0.9438442717182175
123	416	0.9246698918885028
118	262	0.897526285021076
466	489	0.9680052847757409
177	334	0.9731147368528537
345	394	0.9618717639011675
123	447	0.9386534602382703
395	396	0.9181169214530428
394	435	0.903806771362354
306	334	0.9523546936722829
299	451	0.9287028101636705
245	345	0.962946861969227
369	466	0.9420308694648648
113	224	0.9427223090732224
108	461	0.9600795264259361
93	262	0.9812008112035661
87	256	0.9666190712487737
345	367	0.969192787372968
435	461	0.8945052658664028
177	451	0.9323071889115215
236	405	0.9091643182395875
395	491	0.9075023795547744
396	491	0.924993507239054
309	405	0.906401728987621
108	128	0.9508715358650013
395	401	0.8941610565572455
345	435	0.9141320011674976
306	405	0.8937438148556247
401	477	0.9517933725851546
345	451	0.9628413735134855
93	416	0.9730447799055739
319	398	0.9254707776475309
123	403	0.9358703924589702
93	431	0.9464993474736959
331	405	0.9241572852818651
114	401	0.9522853915456484
128	452	0.9241307456906027
93	401	0.9295960836101296
319	489	0.9829699053635901
114	502	0.9422521958399033
284	489	0.9424446389050063
395	416	0.9127984056255284
214	369	0.9545286854984607
138	224	0.8998806247599598
181	236	0.9440356822864286
347	416	0.8963075668772315
108	361	0.9032654195656669
114	307	0.9112769888637549
334	378	0.9514771656393366
87	177	0.9781733839607629
113	148	0.9387563297477293
214	367	0.9681863082025497
108	334	0.9686871831875584
118	372	0.902687740507071
300	466	0.9380715621342681
398	489	0.9523046243649314
224	385	0.9021297454393233
148	413	0.8925705949527116
148	378	0.9548019790555822
87	118	0.9362383361256548
403	447	0.9176143488156429
416	502	0.9652719466516537
236	331	0.9273151353447995
118	236	0.9421829212822925
114	390	0.958324879309155
300	331	0.9118571550385721
256	300	0.9250510342654413
114	431	0.911226248746632
224	300	0.9628645973340715
245	405	0.959059391924803
128	398	0.9361331430702641
123	489	0.9647631885557093
211	300	0.9039501609867997
114	363	0.929242715757315
467	491	0.9192733405411978
334	369	0.9496871691402123
93	369	0.9655068600640068
319	369	0.9663311481839287
270	502	0.9479898651976968
148	186	0.8929122951577987
390	431	0.9511132289557678
93	245	0.9635242130737394
256	319	0.9179031531757984
128	300	0.9221019446169061
262	395	0.9377645796605881
236	300	0.9721072275295533
477	491	0.9871032208346231
390	416	0.9561500882462501
108	394	0.9638277089882814
128	284	0.9376371649908958
361	502	0.9181190055423224
233	262	0.9716017420132186
181	395	0.9165048378383374
123	491	0.9456228674099926
113	451	0.91101144590952
108	398	0.9602786893675168
416	466	0.9234130417770852
300	491	0.9499820871397149
270	306	0.9074463595965185
401	416	0.9429963969249702
245	284	0.9344954847907881
93	118	0.9456566228649341
398	405	0.9029572532660937
224	405	0.9249082973585077
108	403	0.9714149741359899
224	378	0.9411218863606177
307	502	0.9585331521390632
236	319	0.9299816538864232
262	372	0.9539395025579556
181	466	0.9387248188100619
181	270	0.9561879581199675
345	395	0.9019561263923228
369	431	0.9599420920949051
87	345	0.9492591705777405
367	489	0.958056509423618
345	385	0.8925492773584974
186	211	0.9035314948063272
256	369	0.9473783236011828
262	319	0.9640159645124896
93	361	0.9192805680870257
245	390	0.984676659429605
396	467	0.9087663142478573
123	214	0.9615050453893894
300	390	0.9260444943503099
108	177	0.9923755303863335
186	467	0.9229642669249762
367	394	0.9679022320328179
92	233	0.9037634429457626
114	284	0.9079204168707866
113	306	0.9059856999130307
369	394	0.9690255719664418
138	270	0.9275124479431389
390	405	0.9471415056894168
183	233	0.9447919179521144
331	452	0.9161713067682865
181	300	0.9357785594104332
367	491	0.9668714385364996
367	502	0.9752020045499823
447	461	0.9012319760908865
93	306	0.9133817652367441
466	491	0.9590263412630351
300	502	0.9388075139893926
306	319	0.9427517819666484
87	93	0.8929341957920034
372	390	0.9123590765321871
233	345	0.8925664100152111
108	369	0.9586172540139045
123	367	0.9310853361434976
186	349	0.8922294119476306
452	461	0.954335878615354
181	398	0.9309254681163839
309	369	0.93582569569323
349	491	0.9060063108788121
284	331	0.9097627321060916
262	390	0.9263660913924691
93	378	0.9178232256577596
92	115	0.9368298323532056
394	398	0.9251007025009559
477	489	0.9881640240200582
92	183	0.9245741092789841
367	414	0.9581250466745077
367	461	0.9600299037960605
334	372	0.970767848736394
208	214	0.9302779531022998
270	461	0.951670165202146
92	385	0.9434469907491025
186	372	0.9667638283681564
114	306	0.9878108653436153
224	334	0.9646737621323815
372	398	0.9000353846415565
369	491	0.9584643275879929
245	452	0.962892327479234
224	284	0.940399237820085
214	284	0.9115907005214721
128	491	0.9812495012766169
214	363	0.9295863544933869
177	489	0.9797473843767417
284	334	0.9242286750775848
93	331	0.950781465111639
224	390	0.9018989217179898
138	394	0.9514958497498711
262	451	0.9094895286038399
319	491	0.986718281924619
262	345	0.9065704606276845
108	491	0.9582639573418104
93	233	0.9371477362203551
148	491	0.8987979879786556
214	236	0.9785064256343775
334	414	0.951997706545544
452	491	0.9470156849317315
108	307	0.9318117598429629
92	413	0.9209102161008516
138	177	0.9855233009651043
307	361	0.902315436430981
300	461	0.9466721038771199
307	405	0.9781063361375508
398	447	0.9251318444854856
309	394	0.9444055603405994
114	331	0.9522247676729267
299	300	0.9137676699296653
467	502	0.9072251477357491
181	345	0.94762045814474
186	319	0.939402108021563
118	270	0.9626774526248513
331	431	0.9306777019480761
345	489	0.9180900298108694
224	489	0.8927186441281658
118	208	0.9322595537194714
319	395	0.9073910080679204
208	347	0.9100883181088395
214	307	0.9234968957669814
236	435	0.9160774027970475
245	414	0.9453647330499483
123	128	0.9637852804069977
363	477	0.9230202645326943
138	181	0.9425908296524925
270	401	0.9114584638964216
284	369	0.9046854167371925
148	385	0.9104795751670106
114	334	0.949233516101607
128	181	0.9917883712300803
334	398	0.9450767054043491
431	502	0.9399921173141179
123	369	0.9748695563588247
214	394	0.9432683270581829
345	414	0.9493228728303644
181	369	0.9775501436326988
331	461	0.9581229233206641
367	431	0.9429556409571112
214	319	0.9463160012822502
123	390	0.9573422524780224
245	262	0.9273107742874016
233	385	0.9662859254351723
118	416	0.9433210492813042
403	489	0.942257885562731
128	451	0.9211049294438465
245	451	0.9399829656641976
309	334	0.9670422952163538
138	319	0.9303024521540189
224	401	0.901137128959804
208	256	0.9277115125875663
108	245	0.9870160364863546
300	396	0.9098918325739933
363	431	0.9019538301696756
334	395	0.9181108474635444
128	378	0.9036329667360063
451	477	0.9264510865777607
114	181	0.9352501837636198
123	431	0.9393814145838952
331	367	0.9335537221801851
214	502	0.9529618399593125
115	451	0.906535248219184
414	447	0.9094197459245066
245	334	0.9797398495698442
183	372	0.9115119413172832
181	224	0.9297875750435048
319	361	0.9033600956740064
87	331	0.9353255772020885
345	477	0.9318805333291629
108	208	0.9042664624248139
262	502	0.9391628910306933
369	447	0.899824989464822
306	451	0.9203623102781846
214	224	0.9006048820197606
245	361	0.9270531367408809
128	334	0.957825355621893
181	502	0.9715015694851399
87	466	0.9525160231097868
299	378	0.9463810425909012
270	372	0.909479574296014
401	491	0.9469644352240665
177	224	0.9269002777291079
123	334	0.9154370564836853
186	396	0.9454213645424898
367	435	0.8987186683164345
87	108	0.9865462743867541
87	114	0.985534119697349
270	398	0.9217340662407021
87	284	0.8955715603004764
186	489	0.9102041119311319
87	452	0.9748606383733813
211	361	0.9513754494040014
93	236	0.9048158217256997
128	395	0.914448481092096
114	403	0.9920737095952991
208	309	0.9078330345127285
148	262	0.9033864201268073
398	431	0.9083440351218148
118	466	0.9405645498510334
128	372	0.9442271423489391
177	396	0.9127954038816162
378	461	0.9068567791172939
347	447	0.9316850554692431
214	306	0.9876141857779024
349	416	0.9128241843362495
372	461	0.9329435029032298
214	466	0.9889822017894052
307	372	0.9360210307991228
138	489	0.9517706239044124
181	309	0.9401379468953404
128	416	0.9692228525819981
334	452	0.9519753678158335
347	367	0.8968085320032042
183	378	0.9217729519889687
123	363	0.8928611609171921
114	138	0.9885303614967547
138	452	0.9815823939923166
270	489	0.9536364834647519
270	300	0.8955037824615677
128	214	0.9487664131978051
398	416	0.9155626014002368
300	452	0.9465288728313426
270	394	0.9272333361918483
414	431	0.8945726654373614
306	477	0.9668807270756552
87	300	0.9647311327539868
367	398	0.9643869619268501
347	372	0.9042284548582731
183	186	0.9193603738979943
177	398	0.9714587666263723
414	461	0.9155609328592842
431	477	0.9525613721741117
300	372	0.9379539194095984
236	461	0.9519426079298318
138	416	0.9252182497612464
414	451	0.9247456705439872
177	306	0.9847589367343075
300	451	0.963467327566734
214	431	0.9227269681115748
367	447	0.9038527771226722
108	256	0.9817357150616862
108	309	0.9812696468626155
138	334	0.961252242737611
256	331	0.9678545202013786
183	211	0.9476362748304958
138	372	0.9066250139254519
345	369	0.9232718021346602
331	349	0.9209249661267622
369	398	0.9331080693494413
236	491	0.9505468639671504
262	431	0.936759381150149
87	416	0.9189897743431996
369	416	0.948745670561862
214	477	0.9746825416216571
345	401	0.942386448502629
138	367	0.9740975179702702
224	245	0.9414462847306693
87	334	0.9617919613492069
367	416	0.9582280633733782
87	123	0.9159757409219553
262	361	0.920562922614281
108	300	0.9695857280674732
114	398	0.975289057848302
431	489	0.9546870773881315
345	363	0.9217630796204916
270	405	0.9507531749593019
87	369	0.9276073575321637
211	345	0.9262948394143307
114	447	0.9151359239084279
300	309	0.9623622297044343
394	477	0.9594926242418709
177	270	0.9395607084888382
123	245	0.9564905845296598
319	345	0.9328104944230395
138	414	0.9667432364051555
186	299	0.9176055521270623
114	177	0.98777380904486
284	372	0.9037477088139672
114	414	0.9560558424726893
123	331	0.9680159030085707
306	461	0.9625844053342822
186	378	0.9480553401946135
401	403	0.935047089290782
245	491	0.9778580800228385
306	447	0.9047203751575048
284	452	0.8972244276217305
108	414	0.9598927630908216
319	401	0.9450316808482785
236	367	0.9834789348088927
270	378	0.8970272863425226
224	319	0.9275794495265799
270	369	0.9598865595418405
307	331	0.9635344073177068
186	345	0.9209126440679645
390	452	0.9358265159839547
113	334	0.9021087737837072
123	256	0.9447417045410501
306	363	0.9474179040882496
118	306	0.95205501852463
361	414	0.9018257811592595
114	416	0.9149657670194347
256	403	0.9702939031081339
306	345	0.937336749222874
87	138	0.9815479294098463
177	431	0.950303900598411
349	502	0.9094701048040816
262	367	0.9117109965834393
299	367	0.9127585543841421
118	435	0.9012353679238931
414	477	0.9135370410663922
307	477	0.9755136930673391
331	394	0.9479485619745893
349	489	0.91821586647188
309	502	0.959675363932299
361	385	0.942325266142617
236	398	0.9663606249495071
108	452	0.9734874668339981
186	390	0.9122692248715816
236	372	0.9307439233878325
349	367	0.8999911071352982
108	405	0.9104804640203779
123	306	0.9405647450077619
319	390	0.980402937354362
245	395	0.9037508210895517
186	307	0.9558225136986089
108	270	0.9071907445974943
349	461	0.9176407774165476
401	502	0.9430441298044121
214	401	0.9541813056341308
224	363	0.9099387858367673
115	372	0.9190100102665035
148	345	0.910116654880154
284	416	0.9268673565467527
307	378	0.8945469101039927
128	349	0.9330554065973883
181	186	0.958244511696072
396	431	0.9367378818245992
390	466	0.947092196142848
401	466	0.9524993890970039
233	319	0.9012767556952994
307	451	0.9166144079214729
245	319	0.9763499061179659
177	372	0.9263792112378479
128	307	0.9933987522946708
398	452	0.986055786681741
451	491	0.9477355073668051
262	334	0.9239434233947619
363	466	0.9035472296012501
108	390	0.9688885336851754
233	372	0.9523360065562936
114	118	0.9476832627513239
284	491	0.9560838852168325
118	334	0.9399727417610468
93	396	0.9292587744126468
224	431	0.9084855377550312
319	477	0.9897425900808147
214	309	0.989053250586813
300	306	0.9684189334166342
334	491	0.96605869469112
114	461	0.958957783593022
416	435	0.9002348515129858
345	467	0.9089197164375447
118	345	0.9173547505104642
378	502	0.9317761583442348
306	307	0.9189319335813668
93	395	0.905599816402581
395	431	0.9066157476409561
214	300	0.9561529178279586
177	349	0.9158927152436569
115	413	0.9335038573006968
118	491	0.9439202183473885
361	378	0.9666819998392502
236	369	0.9409589904235999
87	477	0.9464637167985172
118	181	0.9628172134556332
118	307	0.9579165428051178
369	502	0.9543771584352703
186	477	0.9172182665963012
177	307	0.9588506569130111
208	349	0.937938914755819
398	491	0.9450007430712465
396	489	0.9002829848081715
345	372	0.9659088059490175
236	394	0.9586255474483281
270	309	0.9090132933206814
181	396	0.942764516622215
331	403	0.9295224083741772
284	307	0.9277043811141114
401	414	0.9401966265103721
300	489	0.917798117168801
334	435	0.9120366112496314
114	256	0.9830399116997693
299	334	0.9407697017898624
123	477	0.969205716911178
416	467	0.9125197370214717
307	395	0.9079353875272012
108	363	0.9429760018112778
118	349	0.9691724360125257
214	416	0.9266934977460277
331	390	0.9839100293913174
183	467	0.9506889055376448
345	398	0.9196995249494775
477	502	0.9758250846983709
113	477	0.9008941549062488
118	300	0.919467884016697
245	466	0.9685052439801013
334	394	0.9729503205695886
451	502	0.9419043025006779
361	416	0.9395905085130858
372	378	0.97961956455103
256	334	0.9193456017398407
118	123	0.9834255225556034
236	361	0.9257022073376051
128	414	0.8969711122882571
114	123	0.9420061552931698
256	489	0.9429777911359363
398	466	0.983432881276646
378	413	0.8951358372929865
148	405	0.9091288125390595
378	431	0.892274212115759
87	307	0.9074828754306299
93	108	0.9227089327839577
367	369	0.9589400781130755
138	466	0.9733901922045236
87	270	0.8925916135884433
224	491	0.9311257591506219
114	214	0.9964569593277814
309	451	0.9284059612793882
369	451	0.9039924481710946
208	306	0.8987845995274379
177	284	0.933987099696475
214	245	0.9784884251570073
452	502	0.949505505160101
123	394	0.9341639652078613
93	270	0.9528305794364909
118	319	0.9515733930073729
236	334	0.9785287272367
416	491	0.9608721799430742
414	416	0.9049643735980022
405	489	0.9483830430127296
319	367	0.9573217068858324
256	414	0.925850270707657
372	466	0.8983261862037935
93	467	0.9029494045473256
181	452	0.9230899056630846
390	394	0.9628945790258773
447	491	0.8953263051804599
177	256	0.9751758444198586
92	148	0.9136314287260949
87	306	0.9759066499226454
270	334	0.920461570077826
306	502	0.9334788596604716
284	502	0.9331087013625314
309	403	0.9854233148150987
319	405	0.9701518157060238
299	345	0.9531164031919054
177	390	0.9837251196222969
138	447	0.9402289404018361
128	431	0.964891132256293
114	477	0.9642980285467263
270	466	0.9221524604954922
245	435	0.9065096987944165
405	491	0.9578553112012514
108	396	0.9046960342117742
361	369	0.8942692003352279
93	214	0.9120734036241461
385	413	0.9073711524144639
334	461	0.9592989198641048
138	309	0.9846744563700932
451	452	0.9144743918952254
118	431	0.952742878589405
177	309	0.984121463326932
319	363	0.9164021538435405
236	378	0.8989432008977505
183	385	0.9558989518190377
378	451	0.9546839147447772
245	309	0.9741404249133552
334	361	0.9611494316961793
245	367	0.9856875780361702
123	349	0.9711276853955801
148	416	0.9200770208796423
284	309	0.914790474438359
87	214	0.9789362650344973
367	390	0.9613273859704254
208	236	0.898486606312098
211	299	0.9269047144120779
93	183	0.8923163623606429
307	452	0.8948450978218812
113	491	0.9174564075296514
306	431	0.9203976819736162
431	461	0.9417120295732019
361	461	0.8984870846494898
245	306	0.9743360479964713
452	477	0.9522850735504347
262	491	0.945209177639724
123	307	0.94730409753524
118	403	0.9275397469096385
128	477	0.9886610523772125
414	466	0.9318859353022995
118	214	0.961066033998885
93	300	0.9134732869972981
186	347	0.8963221972279516
345	452	0.9333985543322303
93	224	0.9270418573638395
245	299	0.9123846570099865
214	491	0.9593225210626986
403	477	0.9482881856481575
214	398	0.9774151855246229
403	414	0.9398960143230429
284	401	0.8945959890622128
396	401	0.9112992897695917
300	361	0.9314195217432729
395	405	0.9379699975416103
451	466	0.9002774583918431
186	262	0.9849109900390397
300	378	0.9235327645359286
123	452	0.925338727597979
378	491	0.9106688448310678
256	477	0.9487193639905299
367	452	0.968887701120782
186	224	0.9113901223442958
461	477	0.9862742505802606
118	309	0.9365133438003725
214	451	0.9136475517346117
181	256	0.9249097667183072
306	369	0.9507274821241384
92	211	0.9053558222736959
177	403	0.9700031523114889
208	398	0.9243093641126767
233	307	0.9249363686892957
224	502	0.9208532377705192
416	431	0.9447313407804586
331	369	0.9784008747076666
396	405	0.9415684731557321
177	236	0.9826622107414535
138	431	0.9283699115035693
307	461	0.9583571662996113
224	452	0.8926910555789747
245	270	0.9415142834332648
306	414	0.9423908345692249
93	309	0.9003425171698518
405	431	0.9530868248253588
208	414	0.8969729696245412
369	405	0.966559624836819
93	491	0.9662321762294599
361	394	0.9362595801372541
186	334	0.9363564428372124
309	361	0.8986185327480325
138	363	0.9198575755047573
262	461	0.9211901451834115
331	363	0.9137306450025723
87	435	0.9016384202061264
87	245	0.9675866464542847
224	372	0.9594739435704972
319	461	0.972746116427756
128	262	0.966342210648267
233	416	0.928377891356913
309	435	0.8957967292679853
177	361	0.9047067926035832
186	245	0.9266903170763038
114	300	0.954167077744908
93	502	0.9532792066056797
108	236	0.9905533264739848
367	401	0.9665718982996669
306	309	0.9758013368934293
108	431	0.930718216169848
236	416	0.9310837930926497
128	390	0.9852505226072947
245	347	0.8995984828233625
236	466	0.9630223224380716
306	489	0.9499055600497783
307	398	0.9066670467079732
108	123	0.9388111400043382
319	416	0.9727378771866628
211	334	0.9221798602182921
489	502	0.9676069422626126
361	467	0.915411534127845
181	390	0.9811295143562685
334	431	0.9369821063686024
181	477	0.9808765864479492
361	401	0.9100907516669667
451	489	0.9054465119007049
87	414	0.9711228423399723
93	345	0.9250216391899373
177	416	0.9522020396161253
372	477	0.9259611095572484
361	396	0.9344008509168628
309	319	0.939088948031393
309	491	0.9599650027906415
491	502	0.974470867959752
87	451	0.9333977013039181
128	309	0.9397476995733274
347	394	0.9135351636577778
108	502	0.9443804681253123
256	398	0.9476102054354525
138	208	0.9460508547141506
394	466	0.9314437457197224
113	284	0.9565311754280172
395	502	0.9112730111462932
347	378	0.9011913284496036
233	334	0.9002223649962547
108	299	0.8935963446002515
186	431	0.9355302907512417
372	401	0.9329025411151461
461	491	0.9726665659080955
256	447	0.89383727200626
299	396	0.9281697974635643
208	447	0.9599319912510687
367	405	0.9496078363453355
300	334	0.9751604007578233
181	451	0.9367110821986588
87	401	0.9420218683428809
414	491	0.9227284144433034
181	334	0.9674458490769522
211	451	0.9374627648413391
270	447	0.9250337025062758
177	414	0.9492344762610743
233	502	0.8939193900407436
93	284	0.9366849349063897
183	361	0.9010912559111239
118	138	0.966895159137378
224	467	0.9250783898851096
262	284	0.921574925112008
128	345	0.9324086562097368
262	489	0.9270665875030543
224	416	0.9414691855820381
403	466	0.9876913132924652
363	416	0.8973816518325439
128	396	0.9307103306224618
331	489	0.9646756345593981
385	395	0.8974635836869407
224	367	0.9423383872812992
256	491	0.9256994552241704
334	451	0.968090516431166
245	401	0.9734766830185193
224	394	0.9474056927665018
114	394	0.9374255279366448
87	208	0.9051310302774387
319	334	0.9537486922243902
108	319	0.9467704271350308
148	224	0.9451025872035289
224	414	0.902754207847187
87	128	0.9242855649344088
186	401	0.9048853273194601
108	331	0.9608292043956577
398	403	0.9744822015450963
401	405	0.930553740815333
115	233	0.9038280416481894
118	477	0.9670816952223985
452	489	0.9477092748801568
299	416	0.9147203108104004
123	401	0.9298520029314509
108	114	0.9904387678688631
431	447	0.8996532505642951
118	401	0.939584386490694
398	477	0.9537047187793879
307	401	0.9413616001808616
113	319	0.9077150525984157
390	461	0.9625053677641005
307	489	0.9678462384781227
113	467	0.9234539347926157
118	177	0.9718542548361647
138	390	0.9560466435591664
369	414	0.8991268725261943
87	390	0.9519848060170627
148	211	0.9640807320999564
214	435	0.8930765530978557
177	405	0.9406971621990579
390	451	0.9138455898727831
115	183	0.9685943129229
114	466	0.9840977082000009
256	390	0.958207478527503
363	394	0.9260452714558204
319	403	0.9116748966445413
181	233	0.9152595358834541
307	491	0.969370465819023
87	363	0.932894770620208
186	502	0.9375910506081959
345	461	0.9343456020833142
114	345	0.9304435302000243
181	405	0.9789741587671038
447	489	0.9094099004622469
447	502	0.9018870944802202
369	401	0.9471209613731204
128	306	0.9407924519556232
123	502	0.9429191090606006
309	447	0.921164329163818
148	183	0.941115302068037
270	347	0.9172868874219848
177	447	0.9147264484721717
128	177	0.976624917719789
309	331	0.9269059967604956
390	502	0.9561418717255539
319	466	0.9479400695498184
138	403	0.9779525827834339
236	489	0.9393778864782784
361	451	0.9476423797318974
181	467	0.8995328536273948
108	224	0.9328896844195304
181	306	0.9413097233540625
331	491	0.9506242357950097
236	256	0.9610385706450619
403	502	0.9258740116879249
214	403	0.990569061630423
118	405	0.9417082679603614
236	451	0.9422651200049958
128	270	0.9655873861891773
128	236	0.9359854367560629
390	396	0.9090947562843148
114	489	0.9565829605979159
245	378	0.9065620609880081
233	395	0.9246457886265025
93	461	0.9581437134081313
334	489	0.941968504059483
307	416	0.9703741607738886
299	435	0.9098870195842347
284	405	0.9157209227305598
181	431	0.9593995574877312
367	372	0.953229561007698
123	270	0.9777239215145392
401	489	0.9472442351167862
396	451	0.9061385360851395
394	447	0.8934743133938922
177	262	0.9039040870738735
334	345	0.9791419123320912
461	489	0.9690360176326736
431	451	0.9037750784016068
87	403	0.9651694063783196
236	363	0.9299457481511375
123	236	0.9203954765643241
270	452	0.8959500231381718
262	369	0.9297596718203371
148	319	0.8959342414023277
93	123	0.9350004947160043
369	390	0.9755684108875873
108	367	0.9767653466819352
319	331	0.9625848288272567
309	363	0.920703389618484
369	396	0.9210713778331685
123	405	0.9300545597457294
186	270	0.9223381319321249
284	300	0.9215173823678571
306	435	0.8925107582263208
396	416	0.9261803835814828
300	416	0.9311926478268031
118	128	0.9689271766864384
118	414	0.9052011315554136
262	270	0.9278546042502702
349	435	0.8938800372624041
349	466	0.8934615828684951
385	451	0.9022075869061725
396	502	0.9100722976885061
177	345	0.9530300243108004
87	489	0.9369783527179675
396	477	0.9093166418093803
181	363	0.9127721320660125
208	270	0.8986502945820485
401	461	0.9428574206504579
309	431	0.920785672749761
372	396	0.9403841599012519
284	466	0.9200951713170198
181	284	0.9331495283545561
214	331	0.961149767954848
108	138	0.9863932321488652
114	208	0.9236372769946186
405	461	0.9506888659222769
245	394	0.9794941859277615
300	363	0.9420192967781206
394	491	0.9541555440560063
186	385	0.954233248443951
93	466	0.9072263362696191
211	467	0.9547183379909499
307	466	0.9170857495251078
114	451	0.9086890314938398
245	300	0.9574405941082619
334	416	0.9616618761562583
394	502	0.947178318583144
118	451	0.8972006191524899
306	416	0.9162949004468961
113	345	0.9001432400269663
369	372	0.9212733790976985
148	300	0.9248128107602667
284	306	0.9246027340867764
319	414	0.8922998370522408
224	345	0.9714219283329469
224	309	0.9176822312769718
416	451	0.9488497303533351
115	211	0.9616926661157933
224	299	0.9452052087045895
390	398	0.9383202493169291
405	466	0.9092880853977363
118	347	0.933103978153081
300	431	0.9062558383736787
233	361	0.9349211538891606
405	467	0.9179211221384511
372	491	0.9426892641466191
93	186	0.9638104304144781
115	262	0.9061794957368552
123	177	0.961000667384654
177	477	0.9874955836831958
93	349	0.9137879109160414
447	452	0.9160639039597234
345	390	0.9260297691018039
306	367	0.9589138860506963
148	502	0.9064143655329101
461	466	0.9720453436378751
108	416	0.9336329891162178
299	394	0.9335159333472114
284	394	0.9168121655509989
177	331	0.9735081268029298
414	435	0.9033458021914724
334	403	0.9230093561617885
390	401	0.9550173133189943
211	396	0.8987520102360069
390	491	0.9724665288742554
245	256	0.962053036918481
214	489	0.9643422396225173
87	181	0.9336068766075352
363	403	0.9068059605236297
128	405	0.9830295178074278
256	452	0.9540124366942961
115	148	0.9716331358266803
363	491	0.9271500758977695
181	401	0.9552051274819491
361	431	0.9065014911181242
93	307	0.991765715328496
214	447	0.9262472117031124
93	394	0.9548392262918162
367	378	0.9227559695033937
245	369	0.9800695955799359
385	405	0.9220473258545151
262	394	0.9303178450397129
369	477	0.9776151247319804
331	345	0.8919284647012964
398	401	0.9546066275676907
87	398	0.9561318898182365
211	233	0.9228326535406084
181	489	0.971014891199302
236	452	0.9792753157288967
214	452	0.9862896132789738
345	396	0.9434415848593458
398	502	0.9530334756156446
128	245	0.9840687485092159
270	349	0.9692905762915864
284	363	0.9026644015908424
93	128	0.9874262637715365
138	331	0.9477432073638552
181	331	0.9613223059362279
372	394	0.9461831217515762
451	461	0.9342341763355735
416	452	0.9148184972703944
114	236	0.9820228567124564
349	369	0.946075366917728
414	452	0.9633248238840331
309	414	0.9623913658029853
177	363	0.9346898160805971
87	447	0.9050537635733491
128	394	0.9685708007057011
93	372	0.9532774533176174
224	233	0.896076064260358
306	331	0.9613651061532313
270	319	0.9543438854913076
262	416	0.9573570111477924
236	431	0.9237887712998739
138	451	0.9200441405882585
349	447	0.9485871612157692
113	115	0.9374170320822883
431	491	0.9533256068319649
334	502	0.9699031592405442
108	477	0.9670069758183963
390	489	0.9771030078185489
489	491	0.9837654332056704
186	491	0.929677365137329
114	270	0.9042338328016835
369	452	0.918439365517402
345	361	0.9693394365952452
108	451	0.9281198184308017
87	309	0.9761716209336884
236	447	0.9083038052713281
208	466	0.9094599530988574
108	345	0.9571646519859609
307	319	0.9871985978108861
262	477	0.9346691171318235
211	413	0.9357309374522647
394	489	0.947273533981962
108	372	0.9144482683139941
114	452	0.9892249364048739
236	390	0.9463669459376899
115	378	0.9378467645977573
236	299	0.9138342173130665
148	461	0.9067508383800869
93	114	0.8954370120617918
361	405	0.9390814390158893
114	367	0.9667401766628423
214	414	0.9503128808682738
93	177	0.9475967782261183
181	403	0.9040669287669881
113	461	0.9008579986975824
416	489	0.9470572687719648
128	367	0.9634253500998557
270	307	0.9589047720045679
118	452	0.9238768345188895
236	414	0.9722748944181975
211	224	0.9472635186861849
186	369	0.9338441220307566
118	186	0.9041231332250941
299	361	0.9673171399840514
181	214	0.945031349941728
378	416	0.9368989918968746
93	334	0.9447274238194528
236	502	0.9472331332355453
181	372	0.9520125301392812
347	405	0.8994175641293077
181	245	0.9828432374981907
309	452	0.994592627921868
128	369	0.985118962459101
414	489	0.9086435376500063
118	331	0.978972095461363
378	385	0.9582540558121457
394	414	0.9160978681537637
114	319	0.935983491444988
256	367	0.9399879718385384
394	461	0.9511406515951144
108	435	0.9050387693581494
300	401	0.9206750535470369
114	224	0.8968825903265968
108	118	0.9601026201718392
345	403	0.9021588746908329
349	394	0.9222967688729979
214	372	0.8954271523368148
363	451	0.9255704457773319
118	363	0.909463634593189
378	395	0.8986904311296967
372	489	0.9063934978469952
284	431	0.9138374446039049
138	345	0.942783231315024
236	270	0.894831313229947
372	416	0.9630423786049914
256	306	0.9772032025694156
307	431	0.9549125828362606
372	451	0.9577441285046558
224	461	0.9226563319737503
224	396	0.9322830636635069
372	405	0.9663494925708653
236	309	0.9868658341648633
256	502	0.9082278325994837
270	367	0.9228887780464982
262	331	0.8925333079078743
236	345	0.9689564934121073
181	461	0.963204826346976
211	378	0.9685169032433298
93	477	0.9691977391542788
224	236	0.9389042497534065
361	435	0.904432352748562
245	398	0.9617315540303568
224	262	0.9123372723496321
416	461	0.9575671807768842
349	401	0.9036850686728035
331	401	0.9258039284271817
245	461	0.9777498038154796
307	394	0.9592689138089001
177	491	0.9787484392915686
138	347	0.9108926985380266
128	256	0.9274888961722547
306	466	0.9692516833967716
262	378	0.9279610057371566
309	367	0.9785318387417807
307	345	0.91936718034862
186	461	0.9058077979444222
148	372	0.9323987628529496
118	502	0.9422630394550684
361	372	0.9797333604525782
123	138	0.9572439942449069
270	491	0.9527899688066261
115	224	0.928086424677881
395	467	0.9093517743557309
256	401	0.9353922534580039
447	477	0.9005947417229694
118	256	0.9580979914946486
284	319	0.9623185304031827
256	394	0.9311400710477389
128	224	0.9158063058276102
236	396	0.9061390433248802
236	284	0.9026266371777324
224	307	0.9068622179571149
93	181	0.9831504075630848
349	405	0.9172466605311039
361	491	0.9098067570700007
345	491	0.9485083567582523
108	349	0.8937656333487038
123	181	0.9495097976675263
319	467	0.910279251195345
347	431	0.9121685927966718
299	385	0.9123749856143302
93	299	0.8948241859025801
114	309	0.989352406009376
245	403	0.9512293896312103
245	331	0.9691064334597322
128	403	0.9112348919633657
115	467	0.971324136105286
416	477	0.9626666566802722
414	502	0.9221579575824441
233	299	0.9071679975683449
345	405	0.931367760744886
270	431	0.9384396667063182
309	401	0.9565327406327626
138	477	0.9595906200078985
123	300	0.8980653375472573
256	431	0.9039141025466066
256	363	0.9157830275351351
394	431	0.9560134339375053
138	398	0.978898774307672
114	491	0.9517307872715691
138	502	0.9469958708735984
331	334	0.9216448064671697
367	477	0.9679525508194652
177	435	0.9006030494806612
345	416	0.9480472022168362
431	452	0.9002033805880669
93	385	0.8968172581085807
345	466	0.9197087769400947
128	461	0.9736901473206518
349	398	0.8999115786309875
87	431	0.9016014727952067
214	405	0.9025737186685732
87	372	0.8972382303850374
138	214	0.9900735512806867
118	398	0.9368110629456707
363	489	0.9085724229197873
224	395	0.8973415507908943
138	349	0.9232659912664869
108	447	0.9040394687011089
113	300	0.9357015047756504
378	467	0.938571171593376
186	394	0.9374502041881655
367	451	0.9480212950648551
224	369	0.9050012120485549
270	416	0.940737386622581
385	396	0.9006253560048625
309	345	0.9515177107067125
319	372	0.9373486507989492
108	214	0.9880364851054266
349	431	0.931621515067004
177	466	0.9802354374654403
214	461	0.9732893986834624
262	401	0.9019180108636258
394	401	0.9505776094233874
214	390	0.9619956644653076
372	467	0.9324165631510605
349	477	0.9204581861576026
108	401	0.9605678000282266
349	390	0.9213430288358432
181	299	0.9006186313033124
118	447	0.933087731183557
177	186	0.9011468845310666
300	319	0.9278021116985341
334	466	0.9442935436827569
236	401	0.9589641736649385
181	262	0.9621830168408737
186	395	0.9449501610481923
361	367	0.9385852112827788
87	491	0.9468683755026766
300	367	0.963050252315492
300	307	0.9031994368228018
93	489	0.9516323750621895
398	414	0.9496546615251651
372	385	0.9486400379887404
233	405	0.954080636578824
435	451	0.9140461285094817
262	405	0.9848710726363195
177	394	0.9702871272949256
118	394	0.9647089963066553
413	467	0.9245883977933385
372	502	0.9488597835123773
118	489	0.9577177254305089
284	390	0.9275875725729066
369	403	0.9178554777299499
128	233	0.9092812860136172
334	467	0.9134105080771127
128	489	0.9823955751389419
123	398	0.9429451035163718
361	395	0.9114774768936718
186	416	0.9466069707914568
394	395	0.9049809832706067
118	369	0.9872424916152056
369	461	0.9645287401244255
306	398	0.9490597277319298
236	477	0.9506243657372733
245	372	0.9481638182818244
256	466	0.9553447584463113
372	435	0.8973124153686682
270	390	0.9464666795704197
367	396	0.9285295302230168
128	319	0.9910488855964802
92	467	0.9049358818195399
256	270	0.8942796991611948
214	256	0.9805541635239179
299	431	0.8990643800146698
284	467	0.9097448713790406
347	361	0.8988823584195869
128	363	0.9004844145569446
403	491	0.9301436145886157
211	262	0.8919540576026675
138	256	0.976952217868996
347	435	0.910883502569271
378	396	0.9124677928199351
300	398	0.9276532364327081
148	467	0.9476442408830448
319	431	0.9563460067519938
183	262	0.9343823917177003
306	452	0.9663957169434085
177	502	0.9681494111542381
233	396	0.9222876672620277
211	416	0.9071756208232562
447	466	0.9168341672537709
128	138	0.9423555483774104
181	307	0.9875863612931748
367	395	0.9116467113819395
284	345	0.911545683493551
307	390	0.9829184146024694
256	309	0.9576096815190414
214	345	0.9319129532693331
245	349	0.9212214264063536
331	416	0.9291604920288061
128	331	0.9699991746004746
177	245	0.9950220060254089
363	452	0.9062275216784637
270	477	0.9612633726699567
319	451	0.9292475225887854
334	396	0.9405937096773138
367	466	0.963561048019324
300	477	0.9432728347955102
177	401	0.9668437841686681
211	372	0.9444965422558991
309	372	0.9176429111033859
108	466	0.9678177035844349
93	405	0.9828227266542678
177	369	0.9750056909813918
284	477	0.9495242053429584
224	451	0.9536156477521207
138	306	0.9771132891233699
270	396	0.8942733568866212
236	307	0.9129005407504974
378	394	0.9119700325465516
331	466	0.9402281567733941
307	396	0.9266451153287416
401	431	0.9359401561068101
345	431	0.934028720868412
319	502	0.9708480445399756
299	405	0.9126178301342649
262	396	0.9321702223253547
363	369	0.9009057538807583
401	451	0.8995359830923952
186	361	0.9457823888962198
270	331	0.9420880861393633
245	363	0.9285762365632955
138	245	0.9780280388254212
93	148	0.9056236915333871
307	369	0.9732458691367685
115	385	0.9372953786479927
300	369	0.9236907934844467
466	477	0.9735448401624531
181	319	0.9850606807685646
307	367	0.9454289752502836
331	477	0.9760280387025173
108	306	0.9904664461743633
181	367	0.9686158577248213
186	367	0.9234554887071291
138	491	0.9475121018547152
118	367	0.9493847261051572
378	405	0.9443699850601754
306	403	0.9749029398115028
128	401	0.9568677386780973
300	405	0.9054933542268108
236	306	0.9747175557552494
181	378	0.9151800968880182
118	245	0.9732617904138481
123	319	0.9485059088419617
87	224	0.9146700047165537
181	416	0.9704108952843903
363	390	0.9180673943357105
148	284	0.9007769161459515
115	284	0.8937565841407867
405	502	0.9662703384293057
148	361	0.9194092133637661
93	451	0.926752959665059
108	181	0.9553125650854144
92	378	0.9040607872974877
108	489	0.9541012603191834
309	398	0.9838346618252718
390	403	0.9288778595370748
211	405	0.8948120124386596
405	416	0.9681148575734927
128	466	0.9483941995361774
452	466	0.9870942219904572
394	396	0.9502033625539088
128	186	0.9565246438367809
435	447	0.8947986869469235
262	467	0.9358514900152359
403	452	0.9880144672547444
181	414	0.9098909459550037
236	245	0.9791072021108658
401	452	0.9517440154683976
394	452	0.9229727079281618
93	390	0.9668071255362303
245	477	0.9854485605087643
138	435	0.912231359320786
177	461	0.9777530689075384
405	477	0.9585806537424406
398	461	0.9509994319689973
233	451	0.892514483544312
138	236	0.9866396021889108
224	361	0.9608203490179643
177	300	0.9607149108081288
208	403	0.9300817329358815
93	138	0.902344927390881
372	395	0.9257751515338651
331	502	0.9318597309016586
87	461	0.9414738270535555
256	345	0.9021799237812077
466	502	0.961220202027823
87	319	0.9248369537062331
372	431	0.9264791304493255
183	405	0.9049004492695881
309	461	0.964245987629164
262	385	0.9382136980476089
181	347	0.8936634210869059
181	491	0.979741675866465
138	405	0.905359303851767
309	477	0.9630675338897038
306	401	0.9384224848346064
347	369	0.9091272333214291
177	181	0.9746056316394999
334	405	0.9551042131367553
284	451	0.9060810432239585
211	385	0.9468334832618749
367	403	0.9459664946841466
233	378	0.9409301004958793
300	394	0.9428905912253615
334	401	0.9484571592194013
245	431	0.9596844099982633
87	236	0.9859981459718048
309	489	0.9570007357675251
334	367	0.9870401243402848
233	467	0.9224941036435761
148	451	0.9401014491939438
319	378	0.8985900164389466
369	489	0.9670116021159252
307	349	0.9258038383366549
306	394	0.947514569133447
177	367	0.9838057439081876
390	477	0.9823437867495491
181	349	0.9241571483739944
256	461	0.9382067966924121
394	416	0.9560759255378497
385	467	0.9358142184711583
148	233	0.8940564395321939
345	347	0.9015444998177236
334	347	0.9001800008932798
118	396	0.9026035064808609
270	451	0.9012878832825532
148	299	0.8957242099244378
451	467	0.9303764453819012
245	396	0.9315656208183241
284	367	0.9183925369191124
181	361	0.9257649392274097
123	208	0.9401429285970473
390	414	0.9136269301080845
183	224	0.9097006787023042
214	270	0.9267143334720176
114	369	0.9409365573680123
345	502	0.9410610430918301
300	435	0.9045868972574802
309	416	0.9260969051434275
347	349	0.9635327204199262
87	394	0.9388325398927446
93	367	0.9376546863978259
300	414	0.9494364550310881
284	461	0.938804477136821
224	306	0.9230070333104281
113	363	0.9133455071690428
123	466	0.9527117332921347
431	466	0.9186993972058424
394	405	0.9576402427298134
186	451	0.9097119504585216
398	451	0.897814278901077
372	414	0.907086875798599
262	307	0.9728819625512055
319	349	0.9112995328549933
363	367	0.915994221224599
334	363	0.9223763642797124
123	461	0.9639293731520182
186	233	0.9753409144484679
181	394	0.972048274352094
148	334	0.92170527142433
114	128	0.9362836772313093
214	334	0.9527675861334965
93	319	0.9840692304272813
224	477	0.9187304286195517
177	208	0.9054634118772588
177	452	0.975168168730757
138	300	0.9542116075421337
405	451	0.9244873107159413
123	347	0.911595119443652
138	401	0.9567487843498055
300	403	0.93146521907043
87	502	0.9351968297156363
256	307	0.9075394608399413
245	416	0.9664304440704219
245	502	0.9708905121086293
307	334	0.9433288739561126
394	451	0.9285690707277934
331	398	0.9214879612435887
307	309	0.9096432925497008
245	489	0.9744540851318839
309	390	0.9433987416614308
245	447	0.9035613871688157
299	372	0.9559898087794398
