444	464	0.9850245312142649
311	374	0.9278055293539627
429	635	0.905581271822294
246	546	0.9625039871150847
453	512	0.9149729865416373
608	671	0.9562296085651718
533	574	0.9745403078751196
400	671	0.9110658724007571
508	595	0.966546122248737
554	594	0.9166534565406708
168	317	0.9615315561656237
59	276	0.916002855389642
537	611	0.98094303029603
419	436	0.9601734310075931
496	546	0.9111102791567369
251	419	0.9547903332831246
119	508	0.9192692783699248
706	720	0.9782603977086756
119	554	0.9296117096567678
352	615	0.907865070701685
276	611	0.9790219152260317
499	558	0.913052006578462
475	654	0.9658468027386594
535	580	0.9349719858500805
168	352	0.90825007517045
475	604	0.9135432168826232
661	671	0.9688115721161848
352	436	0.9328080745331304
554	595	0.9680470601203564
554	654	0.981411324844504
595	624	0.915315061284081
419	541	0.9794599994448403
508	708	0.9318720448855664
119	311	0.9517184160164998
546	574	0.9660573869532654
119	654	0.930428449230714
495	661	0.9362122044971939
595	621	0.9172016466756828
475	523	0.9111026737423565
535	547	0.914687062604713
168	444	0.9661986443510562
152	604	0.9580373025979507
444	558	0.9230275682327993
276	594	0.9135832292856763
475	611	0.927909600741001
554	608	0.9486663724598103
305	604	0.9144371833791858
339	654	0.967185516168633
149	595	0.9501124111153032
487	654	0.9456817997805216
496	621	0.9185522462571633
496	508	0.9130496162831891
554	604	0.964480437580725
661	706	0.960874292058101
580	621	0.9729724274518704
168	558	0.9028393236494672
532	604	0.9875700296289475
604	621	0.9060493969667056
316	537	0.925413227349322
168	432	0.9470765710163933
59	400	0.9228470456965447
168	720	0.9153567353052112
508	621	0.9133571214882296
436	671	0.9375707461091363
76	296	0.9539866388799916
317	654	0.9620599208973283
487	535	0.9323438852175916
601	720	0.9860547373757549
594	615	0.9178689264510816
339	429	0.953407240520944
276	537	0.9799151897820375
251	654	0.9121623282265684
537	682	0.967854884052307
316	541	0.9151739036558773
541	671	0.96599304282786
59	311	0.9394945551729099
339	635	0.9323600691784414
305	533	0.9382479394682202
296	635	0.9115514238353289
512	523	0.9116632520559179
419	528	0.9212976387792308
444	535	0.9251297860944222
374	547	0.9132464411679673
444	541	0.9841103694302327
149	624	0.9580231922488365
487	621	0.9209285829665931
541	558	0.9529845261864462
316	495	0.9081241987091193
374	720	0.968648814699351
246	475	0.955887379954695
419	533	0.9464118940617319
533	558	0.9810480961682716
541	547	0.9299480134927005
608	611	0.978897297039514
456	661	0.9434628525473436
429	720	0.9297446524419768
608	615	0.9569179909953743
533	595	0.9638339863477272
429	558	0.9635936439104196
537	594	0.9414607958693697
352	508	0.9327354642401247
453	604	0.9811856964221055
152	595	0.9449280865973265
251	429	0.9031796389628073
246	574	0.9337878613787531
168	499	0.933936351388321
432	483	0.981277220896376
59	508	0.9295681274855843
429	654	0.9394567455874085
495	580	0.9332011909771869
432	621	0.9042265457656063
475	671	0.93114782144657
453	532	0.9731210837812279
636	654	0.9413124955317402
499	671	0.9435434112367322
317	574	0.9217193200017941
296	444	0.9104027348391923
246	453	0.9925376194659548
168	374	0.9468213809002635
242	305	0.9331932354050083
168	533	0.9034062759672016
316	611	0.9157321339742566
541	611	0.920168534497873
76	475	0.9138383890323908
535	661	0.9378941873102989
305	543	0.9326480394060248
339	475	0.9555843595337709
508	671	0.9308372060582253
487	708	0.9486573271692246
59	580	0.9350704889404495
582	611	0.9388441094124944
251	317	0.9139691836498194
152	487	0.9399959821260878
59	444	0.9785933029469909
448	537	0.9024222038884966
339	558	0.9893631646891903
374	615	0.9291143359949036
76	495	0.9125309545711425
419	706	0.9287393712383265
496	533	0.9078941908214204
554	571	0.927604889659811
168	708	0.9041172071487505
580	671	0.9751012095528285
119	436	0.9686531590895654
601	706	0.9779622153622525
535	611	0.9261294169029399
339	374	0.9569801328764427
546	661	0.9762899456278444
246	532	0.9649556054229351
316	582	0.9188146238966668
543	574	0.9319495915010614
76	339	0.9819649698243953
558	574	0.9867962964414958
419	604	0.9024124999049239
508	543	0.9323180411550313
316	317	0.9059726401191
296	636	0.9158510522929679
168	532	0.9297581297700711
537	580	0.9667496142151059
59	615	0.9095619285367109
483	541	0.9283796708213063
444	499	0.9709874267295023
246	499	0.9301513640476938
558	682	0.9391524861313556
533	541	0.9625047790097105
547	708	0.9690042310900835
59	720	0.9325926652566603
487	595	0.972304584151326
59	464	0.9647729111734695
453	720	0.9389000898290347
246	636	0.9687960861152954
119	546	0.904501117116139
533	611	0.9421329244232233
59	621	0.9376067774362089
535	571	0.9223553608330413
251	296	0.9049239912827503
339	571	0.9394366811933745
543	671	0.9397854284643667
276	499	0.9198183592654956
453	601	0.9180721830207048
419	582	0.9814064836166703
339	528	0.9769722457728942
59	374	0.9808863201335112
152	311	0.9522593318303298
276	615	0.9347559581393314
432	547	0.9742700257707331
339	436	0.9217295725420714
352	432	0.9673643005205055
339	533	0.9596178578076848
59	436	0.9873025683200762
487	533	0.9475023917573571
296	615	0.968011951020313
495	546	0.9450071645051035
251	533	0.9056131083323933
168	311	0.9217358352176014
436	495	0.9205120625728277
611	615	0.9407096278814777
317	604	0.9561331062015066
168	305	0.9062146569825378
432	554	0.9550983907090284
419	636	0.953052374988943
495	528	0.9058068870171672
339	419	0.9696260497673272
436	444	0.964793475877491
276	296	0.9513225485967581
59	582	0.9741494495047986
276	585	0.9223103959680486
317	496	0.9121236416072958
483	512	0.9067986203223953
429	448	0.9213883281521056
374	654	0.9660533492052737
316	608	0.9362116393337596
604	708	0.9545529270980682
149	582	0.9768430003385067
246	661	0.9396223442534207
532	654	0.9356358052033311
76	537	0.9840518668067315
594	621	0.9240389296208696
487	720	0.9122803018867045
59	296	0.9377251992770057
444	654	0.9430395620467191
546	582	0.9782727603587538
76	429	0.9305805344277507
246	541	0.9869912284751532
296	671	0.9619433298679934
533	682	0.9242815194852769
475	546	0.9592360623026213
532	547	0.9805718522161843
429	661	0.9468251095491267
149	246	0.96611063303244
316	453	0.9284150072581971
464	483	0.9486315043183067
152	636	0.9183139797506121
635	654	0.9305401967124379
316	528	0.9208712293401086
296	595	0.9268299835645522
464	595	0.9534643800537791
453	554	0.9708139477218856
246	708	0.9340111295051221
432	475	0.9294720482321304
305	317	0.9235348578699043
296	554	0.9840187794628259
533	671	0.9780043382949601
296	558	0.9885732463787428
528	558	0.9635433735728662
429	611	0.9419635823733266
487	558	0.9196399368120907
621	682	0.9587293252951532
419	661	0.9687110966615532
436	661	0.9200880906296636
246	483	0.9475582962050604
580	615	0.947580907653504
276	554	0.9256590752682046
535	574	0.9509692207792769
276	636	0.9125923461206501
636	671	0.9660556420581264
419	574	0.9565830661058137
119	400	0.9211851989365742
436	464	0.9450312245220942
464	671	0.9285822792000934
558	595	0.928042363880792
475	661	0.9181944113315974
456	554	0.9279614651190102
574	682	0.9650471863720075
436	574	0.9160466116058226
374	453	0.9845602257992797
374	611	0.9411873301381715
464	708	0.9622641903057592
316	558	0.9633771486676341
495	635	0.9370606397732364
487	671	0.9654813446752446
276	374	0.9646458908777462
464	487	0.9821886035071608
305	352	0.9582008874107268
483	604	0.9768863971947681
374	608	0.9446944567091979
400	580	0.9288185612130708
311	546	0.9174738686996141
487	633	0.9065320870564652
533	615	0.9610498357673657
558	671	0.9779779483352904
419	453	0.9574816712713266
246	621	0.960693579559668
296	582	0.9447955437701763
508	535	0.9449954865055172
246	487	0.9696128365806835
76	611	0.9749727913990442
305	615	0.9521701609546195
436	654	0.9569330024848057
419	595	0.9039053362596148
296	621	0.9691094280210197
339	546	0.9698973705198619
296	429	0.9478902077077758
453	487	0.9757806927015042
635	661	0.9300711359270433
59	429	0.9224606915388667
574	582	0.9493541836528174
495	621	0.9460532612387345
508	574	0.9170562572595768
456	574	0.9756225550023412
546	554	0.9394899325086068
149	532	0.9410228346979925
305	316	0.9346517940192542
305	496	0.9574396998948744
456	621	0.9416314337390628
429	453	0.9346589203116773
453	624	0.9095940923766929
276	456	0.9287603133516733
453	475	0.9468256844555794
654	661	0.9477718118765273
352	487	0.9089333346837614
475	635	0.9294871812313248
532	541	0.9441693021039281
541	554	0.9609896607489026
352	654	0.9411277004809211
374	429	0.9502847347611698
547	604	0.9915943994113776
464	533	0.9095381260794698
495	682	0.9396055622291714
464	508	0.9099462321230647
246	595	0.9758063181406471
352	483	0.9424070415007137
276	706	0.962446582132575
76	601	0.923335209005228
374	508	0.9292062797969113
76	682	0.9578002556687311
456	558	0.9722090035889863
59	671	0.9433072173050665
152	624	0.9165336411851971
119	633	0.9428565169235852
242	496	0.9125580089953753
487	636	0.9818332719836012
59	532	0.9652455560461418
76	374	0.9123301481766518
453	499	0.9385324687076286
251	546	0.9695649192509522
59	535	0.9429875884392696
543	595	0.905745168927729
296	574	0.9722416551495845
339	541	0.942609502214884
543	654	0.9396457379382048
317	495	0.9319496417944638
311	352	0.9615623497095731
621	671	0.967979969006202
495	615	0.9074402974307971
339	499	0.9080409303078233
512	654	0.9195368745189729
149	436	0.9538996661647471
444	487	0.9897283392623971
119	152	0.9776096694459984
453	615	0.9321860956917059
448	535	0.9136035469606719
296	456	0.9515156118893797
528	554	0.9151005988635802
317	661	0.940247516053405
374	595	0.9423687839936824
499	537	0.9201045712067848
487	582	0.9652968686287817
582	601	0.961433462279625
453	464	0.9599157020977314
246	580	0.9436665544974883
352	532	0.959440025908807
483	633	0.9352990999396
533	636	0.9437201131909299
448	611	0.9331366305059084
149	546	0.947410376482831
608	706	0.9252414420612712
305	453	0.921166939968215
554	720	0.9199788193143665
168	621	0.9092145126281055
537	546	0.9684668828502614
105	571	0.9093519980668846
571	611	0.903804488224912
296	508	0.9361652789415602
432	464	0.9439657128736472
608	682	0.9487727778117977
571	654	0.9039427695289297
682	720	0.9705348272994221
276	528	0.9444513526471956
448	546	0.9055299194720396
317	508	0.9132905472354476
635	636	0.9173422390535362
453	546	0.9637759725193675
535	621	0.9603796088647476
119	533	0.9233457609071156
317	429	0.9243098646563166
59	636	0.967702942879711
532	533	0.9283438842237758
615	621	0.9659994355095568
59	635	0.9362224512022932
251	582	0.9465141541902183
495	654	0.9350876316465538
432	453	0.980013281143981
541	604	0.9530042832918435
608	654	0.9516380502605148
400	541	0.9402717268130844
276	601	0.9623996986623402
483	636	0.9203698124950244
464	624	0.9709926411191072
105	242	0.9092818592839189
149	483	0.9489631349590926
495	720	0.9387866093866963
168	246	0.9628684035665157
168	661	0.9119881971172117
419	682	0.9632184147402506
374	499	0.9506154962327642
276	453	0.9299880002367245
246	419	0.9647988568754557
76	276	0.9624522630404833
608	636	0.9224641301689999
168	636	0.955379821619379
456	706	0.9019414654628704
276	419	0.970131962976275
547	582	0.9137931656219429
429	582	0.9404346920402908
305	321	0.9381848496592613
528	601	0.9031105302774234
541	608	0.9372898305318107
317	580	0.9434592821148844
532	595	0.9765725834988951
251	339	0.9439580176242339
508	532	0.9337911434250037
546	706	0.9548353346079365
296	608	0.9771418085401473
464	580	0.9139314108175289
246	316	0.9317948518245998
251	499	0.9440599673225791
246	624	0.9028722806883575
475	528	0.9111933407793973
246	317	0.9774686890730844
585	611	0.9327907992788395
475	554	0.9545585655818684
453	654	0.9724734357839872
152	444	0.9433874426279862
601	682	0.9604185629535491
499	611	0.9157270131095726
339	580	0.9663088014415098
582	708	0.912978260548265
541	720	0.9611994468950831
242	543	0.9581628656117829
59	119	0.9757558214713067
436	582	0.9653246196585141
305	574	0.9118110054555395
419	508	0.9022903166559076
537	571	0.9240566995006743
535	546	0.9447032814419025
339	543	0.9350674156024297
168	654	0.9279517942885269
317	436	0.9705693603735295
580	636	0.9700321792246204
251	682	0.9757033958355641
119	582	0.935711298313096
448	475	0.9111972612370932
316	429	0.964310669756127
499	636	0.979632440395646
59	541	0.9853982815962928
149	429	0.9042474512749055
246	444	0.9748453989719021
582	682	0.9380298088033154
76	621	0.9465831283972546
495	541	0.9228871106866751
508	558	0.9376712477276828
558	601	0.944261474401824
152	654	0.9073527836095459
305	671	0.913635688706878
419	495	0.9265166566401599
456	615	0.9508727609388786
456	720	0.9146432228511061
621	661	0.9759385795400699
374	546	0.9823646219748781
475	720	0.9184946157968029
59	453	0.9880313479304627
601	636	0.9418257768014221
448	495	0.941912241161448
541	580	0.9652341686542409
436	537	0.9231209955477482
475	512	0.9378653616560662
152	464	0.950804789738884
444	720	0.9435261346457819
541	708	0.9272042311782036
168	296	0.9110714283765213
533	535	0.9733821400700988
276	671	0.9345681876549263
251	611	0.9591197660533386
305	508	0.9558835405749295
453	671	0.9658354450106501
537	543	0.9041497037332814
317	432	0.9646196585498288
601	621	0.957509893750975
574	636	0.9146698268722394
512	554	0.9162900505617462
585	594	0.9699497250186844
317	487	0.9676987523722034
487	661	0.9241639134306465
419	464	0.9133318002857729
276	635	0.9599980386919442
374	483	0.9100318354732786
352	535	0.9299947567621333
499	601	0.9679534454401045
246	547	0.9561551456123321
305	495	0.9041986228490007
311	487	0.909094627086243
316	487	0.905681671218431
580	582	0.9839153268755514
317	483	0.9496820068471367
317	671	0.9506763484058249
495	558	0.9398719343735046
317	558	0.931844404913717
580	595	0.9021967950755692
246	654	0.9756763724312962
276	495	0.9529296007250493
512	532	0.9193960550394535
149	152	0.9392904413004224
604	615	0.905005178605715
374	580	0.9650919880065765
321	352	0.9318392441113413
400	499	0.9757573136579706
276	317	0.9362328893715041
475	585	0.907439053470886
76	546	0.9315510536720544
317	615	0.9306076860684843
374	456	0.9072525601748475
444	624	0.9566457404000597
604	636	0.9351803133443148
316	456	0.9484101071908871
305	558	0.9319985493579525
374	604	0.9438148514026145
429	601	0.9201824374081207
429	580	0.9488896327980525
535	595	0.951793368091409
532	554	0.9385190001973547
105	305	0.9187076340114555
339	621	0.9805382075326192
251	671	0.908684717837948
149	168	0.9603687643891066
374	558	0.9597226418118061
546	604	0.9101470785312595
611	654	0.9430142482366045
499	621	0.9373990394203864
59	475	0.9253305837685379
432	595	0.9769931123176494
374	444	0.9673666643820484
432	708	0.9367543456818089
305	621	0.9227148177480312
59	352	0.9294311014523061
499	706	0.9346533725879886
475	558	0.9469933522298175
168	419	0.925942075267474
305	554	0.9525668629450889
276	546	0.9845690543851998
624	633	0.9126300005878865
59	495	0.908904623162999
246	615	0.9411684888366145
621	636	0.946887172420444
400	661	0.9140077792478769
296	601	0.9183493412168968
311	547	0.9074404443985482
296	604	0.9255745407179468
246	537	0.9363909090588032
429	595	0.9085002532203084
432	541	0.9562460440974512
152	246	0.9544508650934216
582	595	0.9404541555533255
496	512	0.9294456888750602
475	532	0.9071532948358157
276	541	0.9431885663848267
532	535	0.9191410478595502
535	594	0.9294060939378392
246	296	0.9594078836657339
601	608	0.9497756081875204
419	601	0.945809906795827
149	419	0.9276918612828224
496	558	0.9131737406756733
621	706	0.9426817956465985
352	533	0.9178485456482992
533	543	0.9428724710592828
495	671	0.9186523528883238
444	661	0.944480722505348
432	636	0.9286748975940233
496	608	0.9061076662456062
296	535	0.9756999348609781
246	276	0.9323365429489132
615	636	0.9261514635013588
76	419	0.9447132915270899
311	444	0.9128285508284603
537	541	0.9435010916105668
453	535	0.9599765557197237
444	554	0.9390478572080061
595	671	0.9518827601877637
533	661	0.9525263977541047
464	636	0.9793236694218748
76	585	0.9778538573217501
317	453	0.9837119600491016
429	621	0.9482519320838112
475	682	0.9171450798875226
453	495	0.9259894346765839
339	456	0.9617381125858142
654	671	0.9718856350683728
246	582	0.9782341585100914
276	339	0.9780605446926862
582	654	0.9583990920344294
276	535	0.9361567823505352
296	541	0.9431725964590516
149	444	0.9962112998519199
580	635	0.9274942941449398
432	535	0.9371137899066828
419	432	0.9080348330928916
528	720	0.9163993879811398
594	654	0.9032718979441257
317	546	0.9735161966700232
537	621	0.9788831152563866
595	615	0.9274786309888126
242	558	0.9088768853689899
528	608	0.9755179312198524
316	571	0.9174141433434556
429	456	0.9544804410590186
528	615	0.9233012978179237
571	594	0.9600743765154092
636	661	0.9605813523162307
339	594	0.9396796009653202
317	720	0.9443040006856576
152	541	0.932969210725098
400	624	0.9533871538486756
495	533	0.9499607840434623
574	615	0.955177037973038
571	585	0.9678862384295227
419	429	0.9363103909614299
533	601	0.929547741163781
246	429	0.9326692822349396
546	601	0.9711827053492001
535	608	0.9482058890866325
535	541	0.9471200959325994
475	533	0.9517442693199853
246	558	0.9575208689195696
464	499	0.9346626624162275
149	661	0.9423561246322596
558	611	0.9688374263383688
152	708	0.9301735038392029
436	558	0.9330351728463213
374	601	0.9477695028766151
246	496	0.9055669689433877
305	436	0.9024464889043877
316	621	0.9380145565987209
495	574	0.9538587267270042
508	541	0.9299079295124466
601	635	0.9443379122608018
537	585	0.9615767574669245
436	636	0.9523514180875094
574	594	0.9116599630613316
251	580	0.9555763826418617
246	311	0.9403098184982115
429	636	0.9141880902308172
149	487	0.9904692705399241
59	574	0.9111966391580941
671	706	0.9022721894539979
611	661	0.9757252956955761
528	611	0.9665568234488418
59	305	0.912103600333546
582	635	0.9470454035213456
496	671	0.9073088629974058
149	720	0.9397043925924631
296	571	0.9533171436266525
119	149	0.9686657154198113
535	720	0.9236825252497365
432	546	0.9171474115520175
475	574	0.9467872716334873
374	495	0.9463039953427396
546	580	0.9731900956428841
585	621	0.9183553299564515
317	554	0.9431409429782691
59	547	0.9537098731563238
558	621	0.9781850624576331
419	615	0.9193801557549537
296	720	0.9382442864646353
554	580	0.9362655277880412
59	537	0.9181681697347195
444	604	0.9566056598189918
311	436	0.9440699705376105
537	671	0.947119215402054
528	585	0.9816315636762214
436	720	0.9299712269159064
119	246	0.968916729299894
547	595	0.9829145338832834
528	535	0.9196674023913295
543	554	0.9494632880126257
352	475	0.945533238144594
374	582	0.9890589344649336
580	608	0.9722343867876164
582	608	0.9524524493786461
149	554	0.9267185631804259
464	541	0.9676477184709675
317	499	0.9524224040176732
419	611	0.9510704956249774
296	432	0.9159314940425225
119	535	0.9086303409826461
456	682	0.9172682028147788
532	671	0.9093433412688112
601	611	0.9670889589376926
251	706	0.9770618221494338
535	636	0.9267197351248313
317	595	0.9509498239352683
246	611	0.9065630979353974
574	635	0.9343858031200273
558	580	0.9727061786696237
608	635	0.9118437525744143
475	541	0.9420927119874005
352	523	0.9236885012012575
508	615	0.93050766809887
311	317	0.9570251306315485
339	661	0.9732474122244942
311	453	0.9425949271283527
339	636	0.9175825494918154
246	554	0.9792426118094765
374	708	0.9058767659367608
296	495	0.9289550225630366
339	535	0.9572441090625906
59	339	0.9232139858117924
496	654	0.9212601635063855
429	682	0.9299802499255623
546	595	0.9108054985552865
305	512	0.9632832058564047
76	533	0.9098641502431851
475	595	0.9228499112080564
436	475	0.9457575268702971
339	615	0.9600610159214096
601	654	0.9286290224402276
535	604	0.9474984502803137
508	582	0.9157973679969893
571	608	0.9342736996050378
541	706	0.9074832108913755
246	601	0.90880630338976
453	508	0.9484627735618336
316	595	0.9284580035408238
615	720	0.9228089158385424
296	533	0.9683769153124306
429	543	0.920957543180073
444	635	0.9152359476512325
508	654	0.9503385223746428
499	654	0.9093171466431058
149	615	0.9110217402470435
532	582	0.9162296833296089
574	621	0.9795531715596242
339	496	0.9125855642536342
305	311	0.9037084296123243
547	636	0.9244354598867962
317	635	0.9297187920235718
246	671	0.9653680755161215
316	533	0.9667803118308294
105	321	0.9248105471005972
464	654	0.9097022918107576
316	508	0.9408589219682055
296	317	0.9303326477062448
533	706	0.9049046042453738
276	316	0.9089247474917586
453	608	0.9172621399894287
571	615	0.9142204806338299
311	541	0.9222368045391411
296	594	0.9375698318301428
456	546	0.9174927046361012
305	594	0.9019268606707107
276	720	0.9749071636008761
594	611	0.9085679947117103
76	528	0.9898209879831932
558	636	0.9348638418503942
339	582	0.9522376475226982
296	419	0.9528067240188491
374	671	0.9582687123388889
554	574	0.9493124854120552
495	554	0.917341782080419
436	487	0.9493206615343353
152	168	0.9681073194503389
533	546	0.9595839936271559
352	496	0.9057713507256498
532	633	0.9406943623693325
543	558	0.958772748212634
453	533	0.9760767621448392
487	547	0.9684388340078619
453	537	0.9247224242746919
276	475	0.9545163309565937
374	554	0.9575236349035572
453	636	0.9713937536453644
168	604	0.9362968037561776
339	554	0.9588106350085344
168	512	0.9022207222606715
296	543	0.9568977346427809
429	495	0.9534402528829227
487	532	0.956314919505338
487	624	0.964097485795564
296	436	0.9356342007456762
251	574	0.9408010239503166
317	444	0.9737926661025186
251	495	0.9247046408868824
448	654	0.9254559371495485
574	611	0.9832463122231383
554	615	0.9567731091952243
149	654	0.9383032279800947
149	533	0.9406036580165198
419	499	0.9416229167471835
499	720	0.973280481527782
59	512	0.9032164858252338
152	582	0.9108415798817475
533	654	0.9821976193202508
339	508	0.9103882123784851
541	624	0.903712186188361
483	654	0.9082992761511779
317	419	0.9415855108931588
296	528	0.957732221511473
168	554	0.9290362668632808
168	595	0.9252385159536022
546	720	0.982394184064552
601	671	0.9418621610315151
499	635	0.9162922144632522
374	636	0.9691415968487287
311	654	0.9184755330357057
499	533	0.9109323706726669
59	487	0.964753345183299
487	508	0.9261820287153466
374	464	0.9407308398423546
152	633	0.913683008684737
574	661	0.9715592292345083
453	708	0.9359794660222207
448	496	0.9164335582957017
495	611	0.9453301127213192
444	533	0.9417039696148755
276	429	0.9393961549691026
432	582	0.9311939034267496
533	604	0.9553504336116247
635	706	0.942687849613215
246	635	0.9317973111587508
580	720	0.9858434831344243
59	558	0.936149681607821
487	541	0.9684218637824433
532	624	0.9144003133528975
580	682	0.9510195121776635
429	554	0.9437380056883873
499	661	0.9699058477704978
305	339	0.926421574336717
532	708	0.9455318503172391
276	654	0.950751239419479
317	464	0.9437167993418248
495	601	0.9313264399631682
374	537	0.9570214249164262
149	708	0.9284179422174736
168	400	0.9198867133463762
533	580	0.9585838814564208
246	495	0.9187628832470378
537	661	0.9776649674834514
316	546	0.9099830120954099
453	595	0.9779393560275706
487	554	0.9432586399147846
456	608	0.9548484391193127
436	621	0.9435111381854425
149	601	0.9304208812417993
374	475	0.9542161787382483
149	464	0.978120079640158
296	546	0.9523450762000472
296	537	0.9732250606498052
352	604	0.9442765488763831
448	523	0.9067381599491322
339	611	0.9838877167623881
528	574	0.9677288237220576
276	661	0.9654936645964087
316	574	0.9451761451904273
582	720	0.9763123785908109
296	339	0.9863820830506871
339	448	0.9312464191129548
251	621	0.9486464405840345
528	661	0.9354233722587368
682	706	0.9734387338061103
296	611	0.9552905380679741
558	594	0.9264858107534493
546	611	0.9645244419278296
251	635	0.9689696536359939
436	499	0.9197285973423436
419	475	0.9487830346086623
152	483	0.9655568151629285
242	456	0.9154860192440808
436	533	0.9547415880178968
251	374	0.9479339189703978
475	621	0.9664942611749241
119	532	0.9911847092989342
444	595	0.9548942125696084
611	636	0.9030344445571066
464	582	0.9584761352330655
317	475	0.9406839882209059
483	554	0.9079836136823436
535	585	0.9106688956089115
611	682	0.9741883121299857
635	720	0.9531889641336889
543	571	0.9452678876706133
595	604	0.9874024669800934
76	580	0.9321977630699814
419	621	0.9723015109926592
464	546	0.9040014416033907
541	601	0.9415481457683001
374	574	0.9555458376373496
429	528	0.929730699188726
168	547	0.9230829086042585
456	601	0.9210278618577109
483	487	0.9602174082433439
444	601	0.9262220587495194
149	621	0.92862200867934
448	533	0.9282081094939367
59	661	0.9300248144392171
119	636	0.9478855591652013
635	682	0.955230140903691
547	654	0.9261043539756778
546	621	0.9820535165582264
305	374	0.9084342416870717
604	671	0.9419467729339503
448	456	0.9440749906894683
547	624	0.9417569351580815
429	541	0.9313957798950261
119	317	0.9631904618824481
580	654	0.9489074231391741
59	546	0.9530134391101728
580	611	0.9671768737838113
317	611	0.9044376362342403
429	604	0.9028177431426712
374	487	0.9478274415680422
317	636	0.9646158209712142
429	615	0.9338266761844729
574	720	0.9640830406220464
543	585	0.9026652177043221
419	554	0.9476301571294272
595	654	0.9579368782080293
453	621	0.9540908537774802
311	604	0.9272484872824152
456	611	0.9587158894260852
436	708	0.9279556898114543
152	547	0.9553809679014129
604	654	0.9561256540282344
546	682	0.9629134759853781
456	508	0.9186338682818223
352	547	0.9234489509242607
535	671	0.9708161736315419
464	532	0.9450195026945438
317	537	0.9159722783527855
149	671	0.956136036043012
251	601	0.9846635944483663
419	654	0.9460338422771428
316	604	0.9144331224374771
487	580	0.9381442984539514
432	532	0.9933035808949356
633	708	0.9724806778114294
119	547	0.9823455917124603
246	464	0.9595827188659504
453	483	0.9598584060359197
537	635	0.9382052416197932
537	636	0.9181697094481919
276	448	0.9216528598501474
464	633	0.9177003264230741
508	547	0.9359318862966741
483	624	0.9401355576337953
532	636	0.9209994090984807
311	483	0.9438712164941243
661	720	0.9906792046498818
152	432	0.9727893077966648
456	543	0.9603373449813155
456	654	0.9388352153860814
574	580	0.9695697965968388
582	706	0.9275649037584819
475	495	0.9229542062678225
429	475	0.9152435200045563
321	512	0.928626311896081
528	571	0.9631524963034033
305	571	0.9143728483471925
533	720	0.9395462457470248
374	419	0.9857504695897481
119	168	0.9533230970641335
149	432	0.944198323317594
537	574	0.9784349780570215
475	582	0.9319320186798723
432	436	0.9788365507102188
400	464	0.9603823697201287
374	706	0.9286259405731171
499	682	0.9110568485891806
543	621	0.9106207012238663
453	635	0.9392375940024351
554	636	0.9373570920937218
168	453	0.9510175280907861
444	453	0.9795857306375786
528	543	0.9286416881841356
475	636	0.903689100328555
119	541	0.9566687209417553
495	535	0.9264595490317583
533	537	0.9450169403614646
400	582	0.9483936135322468
242	296	0.9214349136771708
512	604	0.9113496388553921
594	608	0.9383292591634205
296	585	0.9475588998369042
432	508	0.9385790495713784
296	654	0.9796632145809012
316	671	0.9568964845228392
305	429	0.9154085362321931
119	453	0.9760497414530237
436	508	0.9286745221466061
374	533	0.9696777232878422
636	708	0.9219015824814883
574	585	0.9302429595013183
305	432	0.9197261380359222
495	582	0.9258929287617037
119	624	0.9502760004605454
654	720	0.941328889993519
541	574	0.938861500841845
339	585	0.9593981274582455
533	608	0.9455028220206316
508	604	0.9479408022726434
296	682	0.9161662167247564
419	558	0.9621153227691575
296	453	0.9466477347478192
444	582	0.982450491654039
152	453	0.9496649423566138
475	615	0.9441315179780566
528	594	0.9439682466380103
574	654	0.9625651592130607
453	574	0.9338934669224783
352	512	0.9785713788153922
305	541	0.9028137825948621
528	546	0.9098518671291762
317	582	0.9677897424231777
543	615	0.9582298380264591
582	636	0.9887856475200244
436	532	0.968754853682074
483	582	0.9030197862147045
59	595	0.961504508480558
352	541	0.9075496161188786
149	580	0.9536396862167775
546	671	0.9553025949548035
574	601	0.9548913852527772
499	541	0.9610805124986
671	682	0.9086843597519891
374	635	0.9678227081343593
149	558	0.916361802928664
436	483	0.9513330198915286
149	535	0.9185162252270046
541	654	0.9629416713557921
448	558	0.9292854583860111
543	608	0.9334604554091519
374	541	0.9923127292920739
149	317	0.9780172622072961
554	671	0.9695502657317582
321	554	0.9038461071391006
311	475	0.9223627851092959
661	682	0.9572266512813781
76	316	0.9062753895266666
456	585	0.9048599151858499
316	475	0.9169860014704645
419	537	0.9800637367473336
432	487	0.955383163004193
76	251	0.9321034987006955
499	546	0.9573230822998536
316	339	0.9413236922577084
554	635	0.9089235992576132
436	546	0.9527479672771444
316	535	0.9627897124135791
436	604	0.9725456716770962
624	636	0.937587931083248
296	448	0.9296128604317881
400	636	0.9727619148398818
276	533	0.9502311112607956
448	608	0.9074488650791703
316	543	0.9612343223001827
419	671	0.945984449555801
419	580	0.9652995182967985
352	374	0.9081866870065645
305	456	0.9116646675798958
436	512	0.9087512510199343
316	580	0.9237819682823702
59	317	0.9748387090232566
400	601	0.9067504828007922
580	706	0.953423443049078
305	475	0.9459385552348853
546	615	0.9438158833519595
400	487	0.9560983800466978
429	533	0.966804305800397
59	624	0.9125656545159144
537	706	0.9424827300102984
496	535	0.9110702338082894
582	604	0.9363201765904132
76	706	0.9233601475700652
400	444	0.9703072477356287
59	533	0.9508837646896584
537	554	0.9468344816135597
251	276	0.9718250048576152
251	558	0.9244134053890196
547	633	0.963578845217923
59	654	0.9579011757121437
595	633	0.9328976088506065
624	708	0.9385830365593439
316	661	0.919928647177698
149	636	0.9890183484958465
535	582	0.9453462394930919
608	720	0.9654789391290584
296	374	0.950070239964995
76	535	0.9137934105624392
444	708	0.9396641288278247
554	611	0.9198781792828867
419	444	0.9412505196312487
152	532	0.9670395650232244
499	608	0.9172959982240421
76	615	0.9110696685960444
512	615	0.9044415383732316
574	608	0.977427451061754
149	499	0.9732444162318619
351	352	0.902626413284855
604	633	0.9419316969378079
168	582	0.948992799940114
436	595	0.9616868590379275
400	546	0.9037448124823395
554	558	0.9778259962774976
475	608	0.9357698021241417
528	580	0.9229279240157118
495	537	0.9340970364258194
615	654	0.9679551497428831
464	547	0.9529536612365967
635	671	0.9059580338920208
76	574	0.9651634063874898
168	580	0.9140168553772998
374	400	0.9151944152014088
554	582	0.9541272821106597
432	654	0.9510197002790629
487	615	0.9245158674630409
495	706	0.9336587833896184
533	621	0.9693462976601216
119	604	0.9828276836040966
251	537	0.9549712968508987
429	671	0.9447555489883819
317	512	0.9301948791782553
296	487	0.9075221139981593
456	537	0.9367242073899527
276	580	0.9575627233798909
580	661	0.9964566072959339
317	547	0.9334885250243774
436	554	0.9605376070372422
621	654	0.9714146479454353
296	661	0.9527778107887688
487	546	0.9272893048577433
558	706	0.91695402670862
251	453	0.9034793803790032
242	316	0.9134538806447073
76	456	0.9403442215399036
444	621	0.9336034777927006
305	608	0.9056871871113639
276	582	0.9511750820615146
251	541	0.9335116130920096
311	512	0.9437676387420041
546	635	0.961790495513731
508	554	0.9628334382145574
611	671	0.937193688196169
419	720	0.9742547088375577
317	535	0.9464849267864368
453	580	0.946475141140521
483	532	0.9911128142118776
152	374	0.924122174481788
464	604	0.9464835781718979
305	595	0.9313444806032034
444	671	0.9588688145760695
537	615	0.9381441295398493
582	621	0.9697755008837274
508	512	0.9127619806137071
528	537	0.9722385792501784
316	654	0.948244225728204
316	615	0.9570055433202553
119	444	0.971868096384394
59	483	0.9524496794660431
429	444	0.9036943844503498
316	554	0.959676978897675
339	495	0.942549454391544
246	512	0.928226499254358
429	574	0.9607964731165746
419	535	0.941738120287513
246	339	0.942962774749911
296	580	0.9474816110334875
339	671	0.9533404105249045
76	661	0.9469499896730221
537	582	0.9550947431502395
76	582	0.9030812724138786
119	464	0.9715009039852701
276	558	0.9627384497701739
251	636	0.9126855054342264
533	582	0.962919072194881
246	374	0.9834992547522416
152	554	0.910113241726438
374	621	0.9733680645397214
554	708	0.9130180689867071
276	682	0.9803620291296447
168	541	0.9570656276078118
541	635	0.9565864738552373
611	706	0.967968404204301
317	541	0.973265010095772
152	512	0.9230289794138938
436	608	0.9022409644859306
119	708	0.9568281259050231
558	585	0.9367575298373718
76	594	0.9353012625821382
311	432	0.9609645122478048
246	604	0.9765359022784728
585	608	0.9586272468824173
168	464	0.955372382226611
528	533	0.916907017067625
251	720	0.9789595069726522
541	582	0.9934233383696185
508	533	0.9648669088841362
339	453	0.9308659815936915
246	533	0.9691625908257744
276	608	0.9657468398301433
453	611	0.9031921169605686
76	608	0.9788608793329951
400	720	0.909641925257406
601	615	0.9183322348650955
601	661	0.9821142418624056
436	635	0.949412751634658
595	708	0.9562697109106546
499	574	0.9079537226727227
168	624	0.909502767995937
276	621	0.9804102608910076
149	453	0.9752552586357821
296	475	0.9588551764295166
554	661	0.9361838279911738
453	541	0.9888977519062399
59	604	0.9714313629004736
317	601	0.9289788664752783
436	541	0.9803283521302987
352	554	0.9345040027618885
533	708	0.9030401606729087
119	352	0.9408531588132758
105	351	0.9289560220713393
608	661	0.9790509772255467
59	708	0.9377225278692679
316	448	0.9064337581182392
535	537	0.9500933652309033
149	541	0.9751742206726446
296	352	0.9112310537499864
554	585	0.9037015094236642
321	508	0.9137522905679156
537	558	0.9796400213482385
558	661	0.9735657849181582
246	432	0.9771230160797335
59	246	0.9898319905672577
419	546	0.9762618063567485
59	419	0.9579296684395584
317	352	0.9427928699339536
533	547	0.9290577333669743
453	582	0.9784898608634625
242	571	0.9452609770685364
119	671	0.9161734014600035
537	601	0.9519622868007384
429	546	0.9374896697825684
537	720	0.9757960488904456
448	543	0.9134129924037281
152	317	0.9489151146315895
533	635	0.9264722796310296
76	720	0.940372393425061
528	621	0.9394362690375748
246	305	0.9360646273472264
432	635	0.9054564323993374
444	615	0.911139072152211
547	554	0.9396834273019976
339	608	0.9933643425931789
400	483	0.9030215062881
496	554	0.9088866057144838
339	682	0.9577944863081931
317	400	0.9322395595405853
59	149	0.9714382210502644
541	621	0.9624011131625552
59	499	0.9351932480988079
339	537	0.9916654992340967
149	604	0.9516177350889454
429	608	0.9425666651751559
475	580	0.9116028045373161
453	558	0.9499358015472588
429	537	0.9445963201350752
444	483	0.9498533172469183
59	168	0.9778509876387305
296	316	0.9585741018031047
537	654	0.9487377987143614
168	546	0.9290137145417909
339	601	0.9494882922475794
119	512	0.9079048374199126
528	671	0.9052487099097803
311	595	0.9222337613313716
604	624	0.9161880784801997
246	535	0.9681001693725618
571	574	0.916125433548023
533	554	0.9768042015831617
541	682	0.9239919156024519
119	432	0.9868497968548419
547	671	0.921245527888596
671	720	0.9519141909329354
512	595	0.9218901404785729
76	571	0.9393187593708843
242	528	0.9026546958704087
448	574	0.9371990045662716
352	595	0.9473189995592752
475	594	0.9268496521432334
448	621	0.9227201002728453
119	595	0.9730573456171843
296	305	0.9489940053678576
512	535	0.9228913365206068
456	495	0.9290708114630535
432	444	0.9508197056198953
444	546	0.9473226680531137
535	543	0.9421494230880101
374	661	0.9623775954072351
535	615	0.9595136138878433
636	720	0.9546796236719057
419	635	0.9604829024619357
419	487	0.9113809352652726
483	708	0.9350539200369177
276	436	0.9233329337092877
537	608	0.9912189831865672
483	595	0.9636503217142585
436	453	0.9889645692822826
558	635	0.9210290341264624
149	547	0.9457597886911497
432	633	0.9268296819151332
436	547	0.9476686436227333
499	582	0.9751382930960533
432	671	0.9203709685348019
429	436	0.918353181851203
528	682	0.9337520781446135
621	720	0.9739388032866597
168	483	0.9276333129782451
456	580	0.9468025045322669
436	535	0.9489737974586877
508	636	0.9050460555217831
317	533	0.9557785168744283
582	671	0.9743519885858725
541	636	0.9853171948624342
456	671	0.9400594670344575
276	574	0.9780491737371555
119	487	0.9751375699317975
453	661	0.9392042127817566
59	432	0.9755197297189723
149	635	0.9057281610849801
432	512	0.9357685560239831
316	374	0.9232235636883374
317	339	0.9232868230533389
535	558	0.9730329446978476
305	654	0.9509768097129915
149	374	0.9603854956273676
541	615	0.9283282576493042
246	400	0.9107213532604737
475	496	0.9280544450061643
429	535	0.9498289985496979
456	535	0.926304108909382
317	608	0.9082836929915423
76	554	0.9088583637824668
611	621	0.9696740804368016
495	608	0.9197791251100278
558	604	0.9199273416309839
615	661	0.9448562572780483
317	621	0.9516617401226979
168	436	0.952381872209484
541	595	0.9544754665961854
374	436	0.9807540029989754
400	453	0.9249027788555215
76	654	0.9124455228683679
59	554	0.9610286215052172
444	547	0.9491070318392882
475	537	0.9454600470440351
168	487	0.9492560685545537
419	608	0.9673066684072593
246	608	0.9313254562258403
168	535	0.9149152512732224
535	554	0.982972422539202
242	615	0.9243532079017192
546	636	0.9546981953222986
448	528	0.9111161995332524
496	615	0.9420008625832287
541	546	0.9729105856620259
453	547	0.9612432473518504
432	604	0.9880424278967793
76	635	0.901898135508026
339	706	0.9327747027750717
149	400	0.9752083570941887
251	608	0.9374358432345402
76	558	0.959023321834725
352	453	0.9414090348635498
152	436	0.9535417172909788
558	608	0.9850768181376315
487	499	0.9460204340965382
554	621	0.9540575986154743
432	533	0.939802793694608
168	671	0.912963225035504
305	448	0.9376517800655192
558	571	0.9357793700796551
456	571	0.9198861167799472
444	636	0.992883151684979
448	615	0.9373294052047662
305	546	0.906470085130683
558	720	0.9567771093861117
444	580	0.954211212347202
296	496	0.9147085436920892
456	528	0.9603417417936657
317	374	0.9724915334592991
541	661	0.9590654836509678
149	311	0.9140820349444165
595	636	0.9433890049257472
152	508	0.9041828954562892
546	558	0.9615456078116059
464	554	0.9187939114119599
456	533	0.9596689983534175
419	585	0.9097506013949941
574	706	0.9486610519041866
528	654	0.9114306060640167
246	352	0.9447215669751758
152	352	0.9377230334383073
582	615	0.9373457117226891
483	547	0.9785343265726427
574	671	0.9592792472917149
311	532	0.9499985352593487
246	508	0.9483204298741752
246	720	0.9375996763503087
499	580	0.97406941320422
374	535	0.9502588123094267
444	508	0.9065609172838733
487	604	0.9680675076200006
59	316	0.9076680231048858
580	601	0.982850079426049
59	601	0.907844300079714
119	374	0.9407920530273157
654	682	0.9112824448400119
59	608	0.9096640417413242
558	654	0.9772434718242721
546	608	0.9600900306735837
608	621	0.9735396819844664
475	535	0.9607154330060973
251	661	0.9605359618958639
374	532	0.9317552960492586
456	582	0.9087917385363593
546	654	0.965640876076507
305	523	0.9211819766428849
374	682	0.952428725925496
475	508	0.9299736819648775
444	532	0.9471304739977142
615	671	0.9696610534801762
535	654	0.972711967358338
558	615	0.969307237835196
429	508	0.9236936549533754
436	580	0.9223004747529622
317	532	0.9513668348467832
339	720	0.9645879551938256
305	535	0.9519985577232192
374	432	0.9494092658700586
558	582	0.9622973212517473
448	554	0.9079143218774519
582	661	0.9786489774112166
119	483	0.9929071522565437
316	419	0.9090440638758968
242	554	0.9079349232545808
246	436	0.9881315620556758
339	574	0.9861287388708484
621	635	0.9439171334701062
59	152	0.9671232103888422
611	720	0.974977107360101
611	635	0.9296634324626343
