89	243	0.9671976782158306
13	56	0.9776192810934581
12	44	0.9673409980062172
141	217	0.991805089466909
12	26	0.9544693026317397
10	234	0.9602539454441232
43	221	0.9668672033039467
6	140	0.9596322064386128
35	243	0.9643662536850319
74	203	0.9892885652505091
35	140	0.9826779846144352
39	220	0.9624741270471915
77	79	0.9905964600848017
4	160	0.9544405395609861
8	79	0.9970319993244813
23	100	0.9761147284175118
26	79	0.998007229907549
21	136	0.9674769603306862
31	241	0.9576950613709969
47	206	0.9541865723679379
21	153	0.9671047181005384
63	221	0.9787966829313707
74	131	0.9861949959913814
99	129	0.9874543227133211
49	89	0.9651706415794428
17	57	0.9526787301726015
57	100	0.9604002849689456
65	99	0.9884909236504753
99	234	0.9610185835304313
32	56	0.9844759335492161
15	80	0.9760822717316722
52	129	0.9858370705220018
21	89	0.9891710084522221
54	77	0.9566118785724734
55	241	0.953703407785774
163	244	0.9780935833875973
17	62	0.9977936207577369
78	154	0.9877757269496565
95	136	0.9646485101083817
136	243	0.9646190963172565
13	120	0.9892507821955762
14	134	0.9787139800106933
26	106	0.9959465390355782
6	104	0.9933513601123001
42	49	0.9693366528620229
64	68	0.9965201321976437
21	100	0.9922031405753111
6	44	0.9893816381513644
22	100	0.9949859730901585
140	253	0.9719175197601368
61	140	0.9523266123767122
104	249	0.962133508982784
23	136	0.9736335725007083
68	172	0.9871164560159933
217	220	0.973178594447504
220	249	0.9581742469710111
35	217	0.9742754558786084
6	54	0.9565042731905267
38	42	0.9723940373753599
52	248	0.9818874334614356
55	65	0.9791952043445926
37	99	0.9858805726894255
24	79	0.9652152225549309
63	141	0.956923726237141
49	84	0.976824964334898
20	60	0.9900962655235603
154	158	0.977099108654454
35	64	0.9781193384744482
120	172	0.9528680717676996
26	120	0.9683026683055864
63	249	0.9519332096821245
158	160	0.9708622217177374
203	220	0.9870074142047962
4	44	0.9929055495985605
8	11	0.9970775748932849
13	100	0.9836878770127755
22	134	0.9698253275143061
163	234	0.9596158631474945
1	13	0.9754188080307951
136	203	0.9519241460576384
99	203	0.9741130910074377
68	136	0.9721644151436107
160	217	0.9535959842705979
4	54	0.9621270796807475
31	153	0.9576515418850338
45	74	0.9771701074591637
67	107	0.9920811876614144
41	60	0.985627000451462
39	52	0.9824971933426023
49	136	0.9794722446091371
78	248	0.9754254663471086
11	20	0.9621439976025065
8	100	0.9937905182567675
6	33	0.9842046393239443
18	221	0.9565705791415241
6	172	0.9890264167018978
41	106	0.9839947254818866
23	117	0.9836074883123652
8	44	0.9861182796450207
65	243	0.9643585287839549
43	244	0.9926150043521241
13	217	0.9914396205847449
1	43	0.9528016664913805
37	336	0.9810010279231566
38	46	0.9675321863073076
66	241	0.9764624153590713
45	249	0.981257943199608
12	14	0.9704462520688653
28	131	0.9712726636631916
29	261	0.9550933652208766
29	203	0.9850143284811261
27	47	0.9632236651349215
140	243	0.9787656746089564
99	136	0.9882999812098717
21	23	0.9754592063186758
11	28	0.9955436603298011
29	153	0.9745945937012128
1	100	0.9903488733355172
131	203	0.9753988384455938
79	163	0.9529612598693632
24	95	0.9605946604966955
18	28	0.9529380684421902
12	46	0.9571555855622724
140	241	0.9913746608354095
49	50	0.9927007150608402
11	49	0.9914043405746485
172	221	0.9676699854202363
47	172	0.9854461923654415
154	253	0.9581209940074482
56	141	0.9804656970334855
70	95	0.9644735744871795
61	77	0.9900424481672916
24	120	0.989530728527993
131	136	0.9679812252614644
6	241	0.9616635397641929
50	241	0.9669871783019776
22	77	0.964242963045927
66	172	0.9866604224776665
141	153	0.9812524898456718
26	173	0.9819074218248742
54	70	0.9743939663767329
8	99	0.9812464076912903
27	167	0.9644589594454545
27	56	0.9656045167691363
46	77	0.9804683695877608
27	110	0.9670367386882637
56	99	0.9843535014989073
7	52	0.9711796348735355
8	64	0.9881227993585449
7	129	0.9845075091806397
49	131	0.9524902201886869
1	50	0.9806781330785156
7	65	0.9666237510725998
74	153	0.9788451043208708
1	141	0.9761748851046557
1	217	0.9731304083634669
38	41	0.9887472981896014
39	134	0.9772759116190337
23	84	0.9833352128213894
45	160	0.952190165854992
22	74	0.9583502608461743
17	99	0.9781407620411294
4	39	0.956123575576022
13	41	0.9756542308730299
22	62	0.984795195858883
80	100	0.952409246707559
47	57	0.9540815037184476
21	79	0.9859597769214475
66	217	0.9726387454541447
26	39	0.9745782033551843
110	129	0.9700876330642727
62	89	0.9706644858458909
31	129	0.9732064973776386
20	84	0.995093686996813
47	173	0.9891480610057015
89	140	0.9856904304743193
14	84	0.994563902567611
7	69	0.9860805436702367
63	180	0.9715615009197477
24	62	0.9592136951937896
11	107	0.9905680106602599
89	134	0.9799694736910449
66	221	0.9854218302105395
38	100	0.9825096944035326
7	74	0.9571020758255644
4	26	0.9964901204404248
56	68	0.9797440916009886
78	193	0.9848465949258141
42	84	0.9556269415461714
43	243	0.9715336625105174
38	54	0.9587600675428436
63	95	0.9897701036287648
35	104	0.9905776948846527
79	167	0.99234907967346
20	117	0.9895853125080377
24	42	0.9626906473949233
4	62	0.9969575544615152
44	55	0.9936469576723113
43	136	0.9587171495104404
62	82	0.9917005731710944
4	79	0.9948339539899704
43	82	0.9552689264916328
28	193	0.9625405149020358
120	261	0.9649446709399778
14	35	0.9668419764432972
41	62	0.9909882512037729
37	220	0.9822675501965676
39	104	0.9841588155234264
78	158	0.9690454834686704
28	125	0.9662187258700303
56	104	0.9916155245521996
21	24	0.9834177309556962
22	60	0.9808163332448162
12	180	0.9725686331132575
14	180	0.9864380630120295
44	49	0.9818794059870384
28	63	0.9948672413368225
62	172	0.9870306104330344
65	160	0.9812153736283553
79	172	0.9854697636183085
221	241	0.9864371235950196
163	173	0.9801628635672525
89	241	0.9868298514687461
205	336	0.9553903271665454
65	241	0.9768434366837596
17	107	0.9860978439835636
26	107	0.9795935238956596
80	154	0.9687280789606534
8	56	0.9950525417287155
172	173	0.9738197185492485
33	56	0.9959319975400626
77	82	0.9762480058824885
74	154	0.980594724560878
52	158	0.9689108141644649
8	23	0.9920588881117877
28	136	0.9869826293365633
104	153	0.967977934637064
42	95	0.9839724709486516
52	336	0.9807186705430223
13	37	0.9942750130373594
21	217	0.9769325778350624
10	217	0.9805211574226007
10	206	0.9827665286461229
6	160	0.9674735206828933
52	249	0.9795872027890169
6	10	0.9791409547105983
14	38	0.9889216463495574
104	243	0.9569460380748798
46	64	0.9746455114606282
52	99	0.9896259948915598
39	44	0.961925140135597
41	172	0.9770201118174083
17	153	0.966691698441376
8	140	0.9796128022682087
79	221	0.9806153070255228
45	136	0.9717398770341555
134	175	0.9685072791637401
62	153	0.9545199944862359
35	42	0.9744362646260649
55	68	0.9971615886864204
27	244	0.9817744656845352
27	140	0.9885559436198701
107	253	0.9536764901850494
66	206	0.9546844826563374
129	241	0.9709099197804698
22	117	0.9627235422210431
56	206	0.9520257623156831
21	129	0.9562670408414222
38	160	0.9688999159965868
35	106	0.978400460676488
19	106	0.9556386191680073
63	167	0.992452224468896
62	125	0.9583259011180869
78	110	0.9737555866109227
10	79	0.9814440125907973
41	158	0.9797592480832649
52	67	0.992263045809134
14	100	0.9557110093525814
38	136	0.9746739277509743
55	160	0.9537968638922252
26	60	0.9975430309192543
21	173	0.9898664763394769
33	95	0.980322144032983
65	163	0.9714170261828108
22	50	0.9806993827178574
15	69	0.9774539021759113
57	89	0.9869743748963027
4	22	0.9740048591991528
1	14	0.9668719753589259
8	21	0.9928693608860559
14	32	0.9922128791599316
22	243	0.9645787396764828
141	154	0.9877399578250343
25	26	0.9531834638123107
8	63	0.9958261159741936
44	54	0.9657038535995783
22	82	0.9932574774736176
23	65	0.9863425264664625
89	203	0.9528903830618592
78	125	0.9615724160948025
41	50	0.9847101533135704
24	140	0.995526735681354
8	82	0.9975266102937499
33	136	0.987170366745941
32	173	0.9773858842210705
65	68	0.9853357688985849
129	206	0.979801684951276
74	244	0.9859664926441742
74	221	0.9640119224319631
47	120	0.9790727871307681
17	33	0.9915388890129864
37	125	0.9677696480136726
62	140	0.9627047473413672
11	60	0.9876549907863232
32	45	0.9711179225931175
79	104	0.9957352842986116
79	131	0.9596050739573387
124	241	0.9546723433791191
13	66	0.9670740543975428
74	265	0.953200596070829
100	134	0.9724890498295639
33	141	0.9823578847053087
7	140	0.9672945109088623
62	77	0.9906953779438776
13	22	0.974528181163156
56	134	0.9707484934952484
32	49	0.9945266216382946
15	29	0.956571058664301
100	117	0.9583608330418509
47	99	0.9818458090778932
17	158	0.9765721219602994
69	80	0.9786179831853259
35	65	0.995042619971438
120	124	0.9526071409291504
22	68	0.9778761717748677
8	47	0.9990822547023523
29	136	0.9527259467848359
1	32	0.9880824948091894
33	106	0.9744237399517062
6	180	0.9745813055047043
10	100	0.9918863142615224
66	136	0.9864928805390324
1	120	0.9814323559698992
140	167	0.9837593404774204
22	28	0.9881447645328758
22	160	0.9593372537657375
57	154	0.9643154592182737
6	141	0.9528652644338447
10	24	0.9814890182922007
33	78	0.9709323138549502
43	220	0.9917806618121818
124	129	0.9788541936493145
68	99	0.9608895053022888
11	221	0.990916696822587
35	241	0.9810605736876256
80	244	0.9562911613696532
6	23	0.9976763475604284
1	44	0.9828466747345235
154	163	0.9902566903649527
153	261	0.9522003259791954
104	180	0.9655453866332404
243	249	0.9782148854538046
44	60	0.9929769186193504
13	110	0.9714276287818606
80	107	0.956865797989978
10	173	0.9848814881517118
33	37	0.9798598503648115
23	28	0.9894860076160219
56	131	0.9878515064944857
22	78	0.9669036587535655
110	261	0.962575151702882
49	77	0.984939499980364
62	158	0.9713766639183774
37	158	0.9759373186266547
79	136	0.9775217580672038
50	172	0.9890285910567717
4	84	0.9927021952629477
23	140	0.9573614052606823
220	253	0.9822694063690416
134	154	0.9561008186450406
32	70	0.9555097216878664
8	52	0.9581213822190814
35	44	0.9762988290088017
120	136	0.9709978246051008
4	68	0.9978963117369681
106	241	0.9537149433596314
55	104	0.9899053436666208
21	27	0.9589097415158458
35	52	0.9674563535878107
21	131	0.9851299721374638
193	217	0.9810445850959945
107	158	0.9851657294360148
10	136	0.993385129124047
99	244	0.9680166583354148
47	82	0.9969855937652619
129	336	0.962146938729959
11	18	0.9623916679861104
21	167	0.9918507886363901
24	43	0.9882247503265709
6	50	0.9897655569002877
47	134	0.9797579793820274
13	80	0.9587055122064658
99	163	0.9885233140491992
11	158	0.9782957929096162
38	180	0.9712416963410456
38	55	0.9963822590748704
26	32	0.9984259871932435
100	106	0.9713054162750618
27	42	0.9546349646230341
37	120	0.994071524865696
11	117	0.9711288254207219
17	160	0.9721808304610446
77	95	0.9867579824302564
4	21	0.9728546840148007
32	39	0.9732728306939027
28	61	0.9912636754654822
67	78	0.9937123724907123
107	217	0.9884688371558707
95	140	0.9605174436307926
22	47	0.9914193716217474
21	28	0.9859499940457007
37	66	0.9669801384649654
100	136	0.9858902388330376
1	57	0.9600434298915703
50	84	0.9623082743855336
44	46	0.9846056516450834
99	104	0.9776772617303584
17	37	0.9574132995254558
44	180	0.9769429884751872
32	221	0.9776913933242865
37	89	0.9813022081984073
129	221	0.9755765231503587
100	249	0.9803158717100713
47	221	0.9881548840287648
1	180	0.9540882323803421
47	158	0.9808143318394916
24	220	0.9756150301742603
13	129	0.986534915045568
67	124	0.9683494606070204
33	67	0.9871227322410235
28	78	0.9527104736094402
21	125	0.9685540495050635
66	163	0.9707801475652438
8	55	0.9913690402195616
89	136	0.969705139965072
1	82	0.9956316090808243
44	172	0.9726103574187995
17	65	0.9935930951371659
10	67	0.9804791126207104
22	107	0.9914462733386483
23	35	0.9893335502157834
140	154	0.9918866035190483
49	66	0.9907276714600712
60	84	0.9885504594363876
217	234	0.9521075677481498
78	124	0.9812163576141819
43	110	0.9762785250583935
77	173	0.9572387516043508
33	74	0.961106537990021
49	125	0.9574663905113832
35	117	0.9640351369719118
243	336	0.9540488961532189
28	217	0.9716124903720098
8	41	0.9973693237978856
61	62	0.9963391880757133
64	95	0.9869078226533909
56	74	0.9604774391530997
24	248	0.9726343627036116
158	172	0.9693338335234525
55	62	0.9975488290109062
60	160	0.9539462276853965
67	129	0.9770081394253156
10	129	0.9839615192330138
82	153	0.9739175533522447
57	65	0.9576441704112252
104	167	0.9944014526669963
47	52	0.9586234916256262
4	63	0.9948998958445749
52	265	0.9565051767512243
45	82	0.9905120664525346
45	154	0.9841205679062517
141	173	0.979878967753103
56	217	0.9802360366502347
6	26	0.9969130828627439
67	89	0.986099053905445
49	158	0.9755512274973612
39	167	0.9857008072732611
33	44	0.9732578702722197
41	173	0.9876834140520641
65	80	0.9578555703497471
68	167	0.9864477490545309
140	172	0.952495536849379
61	68	0.9973215729672845
29	37	0.9632816733445329
68	140	0.9544775748968339
41	46	0.9563506653951693
37	65	0.9647142238984567
13	82	0.976149397671479
125	163	0.9674200489672908
7	131	0.9521582651067598
79	173	0.9815121944552412
32	140	0.9602326136781463
10	158	0.9803837270680584
22	63	0.9834872183532053
14	47	0.9780309467101603
31	131	0.9673885095344272
89	163	0.9763939887602422
1	193	0.9665370780425734
95	131	0.9524661119672702
43	249	0.9777958775660885
33	43	0.9635017877528294
124	140	0.9686440281134631
160	172	0.9635833217819476
42	107	0.9704562219074631
124	193	0.9539168093780939
61	104	0.9891180678713569
153	206	0.981354150642132
6	61	0.9962545853758619
89	129	0.9722736842176594
57	95	0.9598150111787589
68	180	0.9770598847769867
10	38	0.9794054291366041
8	13	0.9673217767658682
6	125	0.9543545763776655
42	64	0.9641727469797148
10	37	0.9719573564494608
39	248	0.9585307672054357
107	172	0.9690896263795488
21	55	0.9772075008892975
27	67	0.9822480330776728
43	163	0.991117711689293
17	27	0.9608491530514447
39	100	0.9922755628140296
20	41	0.9577326992144681
62	131	0.9539003264259716
104	125	0.9643505679448241
17	42	0.9779987988025098
99	249	0.9822585813533498
28	129	0.9671662191963954
14	221	0.952951725568518
206	244	0.9578254519317748
17	41	0.994735406801275
131	336	0.979915935797339
23	61	0.9923356727705654
13	24	0.9960157225413264
24	261	0.968070201099912
1	221	0.9872247115134107
107	206	0.9686743676674215
154	249	0.9752575203306606
26	241	0.9659525939187183
65	77	0.9713581915753029
13	45	0.988285804464379
49	153	0.9619429880683177
66	167	0.994277841751257
29	140	0.9660090685373377
55	106	0.9980048430139414
20	26	0.9824848206538095
78	140	0.9927570408019192
44	56	0.9756038981087769
15	234	0.9711858673395917
24	136	0.976725589068139
35	141	0.9776552236616115
4	172	0.984872352096183
63	106	0.9919356348748399
29	74	0.9734384982002788
26	61	0.9955931681743975
37	203	0.9813110197065112
65	141	0.9772944809577379
63	172	0.9890697694249367
50	125	0.9577324507642607
24	241	0.9908155956604652
99	167	0.9832946399001121
74	82	0.9525474949232547
25	35	0.9619173241748141
46	68	0.9695576920119271
56	61	0.978865411711666
43	120	0.9795398532272503
107	141	0.9877812173097626
82	84	0.9618216573965837
49	56	0.9820337861180104
67	241	0.9885919851628172
110	220	0.971905890315858
14	49	0.9834235833287988
56	57	0.9557956253822912
8	107	0.9898443412868176
35	67	0.9758941910741785
23	64	0.9923680355301115
27	99	0.9931440187927847
25	41	0.9616627121052608
107	173	0.9920957131857293
107	160	0.9729384640515244
20	62	0.9837274547733759
89	100	0.9872758593152096
154	241	0.9834617020657497
120	244	0.9563719611309935
25	65	0.9538929040512185
61	79	0.9949792237143684
21	77	0.9653789311030313
62	65	0.9876144491035685
27	107	0.9808481484477801
99	243	0.976179990304141
27	248	0.9822065980404318
99	193	0.9801752206665854
131	163	0.9938558119517095
104	193	0.9593375323247412
17	35	0.9955164157597991
82	180	0.9576038447377051
44	167	0.9779896494072392
4	82	0.9820225773553817
47	78	0.9528699805907722
64	117	0.9926778827926677
10	77	0.9554446583038647
77	136	0.9532199815314774
68	134	0.9784043144362359
110	154	0.9649724725394964
10	140	0.9867377791819973
21	37	0.9810572138798836
46	79	0.9726136683882177
65	131	0.97014519626392
160	173	0.9622310954865456
47	55	0.9903338650596156
7	234	0.9722466597237849
6	42	0.9736116399340461
38	107	0.9770671330955976
65	100	0.9907350249293088
10	42	0.9725589815408398
107	136	0.9839822582016092
10	14	0.9520550299060514
31	57	0.9700337074674453
18	67	0.9541072677377755
47	49	0.9940636661824369
63	82	0.9910211143831702
99	220	0.969103039541476
26	49	0.9951297225414996
27	131	0.9762087209864174
99	110	0.9611767403909168
11	129	0.9665980992448402
56	153	0.9755564229857676
60	64	0.9975842350859911
13	203	0.986355400170354
79	117	0.9843625791897976
4	35	0.9795053438991047
23	95	0.9900078201286544
89	205	0.960067824444762
82	134	0.9798843501061513
42	241	0.9601793243627339
25	175	0.9535791590419249
21	65	0.9793148472165629
22	120	0.9916130313248852
8	28	0.9968025099263067
120	173	0.9873781477541289
89	99	0.9831395293387127
35	89	0.9820637802504488
26	99	0.96638525567354
120	336	0.9739191732974992
64	134	0.9718308361749256
56	120	0.9924753950120285
21	78	0.9655224602459548
35	125	0.9735956590901523
140	234	0.9564981783341591
84	180	0.9786508413228063
43	131	0.9841374634976967
1	11	0.9943812179912788
41	221	0.9907921760733898
154	160	0.971547239699271
42	205	0.9583876882516309
63	131	0.957789287338453
68	100	0.9775039995116401
12	79	0.953612988468762
67	221	0.9854032381865536
49	61	0.9937241503638352
120	253	0.9728594612452228
33	38	0.9862806501652928
41	249	0.9653196941137618
68	106	0.9942615463237646
46	47	0.9636255957881966
33	160	0.9764402881062909
11	140	0.9822959049433329
42	50	0.9598463365490285
134	172	0.963420732072342
64	104	0.9876773421213523
74	99	0.9769245118574568
131	220	0.9736858297475104
28	38	0.9943275716234236
1	37	0.9715947373027813
7	33	0.9588267604724138
26	46	0.9669001826501865
89	249	0.9648050697360548
41	44	0.9828907103950646
42	173	0.9655882757438801
32	89	0.9742521935832029
26	158	0.970642392499214
79	95	0.9923318288503371
131	253	0.976915521544869
39	244	0.9520335557511777
1	65	0.9885924517368279
14	172	0.9750427575355238
55	99	0.9521242687541556
52	57	0.9622721585392973
66	120	0.9794709934770386
8	60	0.9922522459680332
153	167	0.974463862970764
44	45	0.9602997537834512
47	84	0.9719026894368389
12	60	0.9532971207853458
29	31	0.9627641066089406
13	234	0.9535336525976397
49	82	0.9889134663147321
22	99	0.9796858673707107
38	153	0.9541302285077089
66	154	0.9737307134978138
39	78	0.9786185479723288
52	253	0.9809878338353104
10	95	0.9694076443621056
63	79	0.9965855666106451
68	160	0.9646911079104614
21	42	0.9697386025053304
124	141	0.9759778767589239
47	95	0.9894847947834792
1	42	0.9755211790595013
35	120	0.9783522659234912
28	42	0.978264952751412
95	158	0.959256791280248
243	248	0.953158268791672
29	336	0.9564729982026039
43	193	0.9795301884912753
100	167	0.993807447532342
65	89	0.9785432624854572
117	173	0.9588740327728945
52	153	0.9841554630681373
100	160	0.9712261207539785
47	89	0.9820638234681971
60	66	0.9851619243369978
136	158	0.9783098934624985
35	82	0.9949684784819331
82	125	0.9713597196624998
163	249	0.9882255715991382
43	74	0.9964133236122088
1	154	0.9792512205098838
26	77	0.9899498328134198
32	67	0.954478477251869
37	67	0.9978760334929409
15	160	0.9662516021919727
78	253	0.9864240287536399
8	134	0.9793519813914593
22	35	0.9865919406768433
140	220	0.9759210253002086
67	131	0.9967252484632784
6	35	0.9899377938183098
47	117	0.978331494218518
45	163	0.9883114871730807
1	47	0.9936329281379173
49	140	0.9641169265107338
99	134	0.9613430058664965
54	79	0.959799787398154
17	60	0.9933275507466073
41	140	0.9841751052634702
42	46	0.9589701931139305
45	95	0.9710947284433795
22	141	0.975102228356231
4	100	0.9701273560958998
7	160	0.9672066588606087
21	243	0.9694012383338657
1	49	0.9848874922489527
17	120	0.9732282038910356
66	99	0.9834605885800468
66	107	0.9909319313663092
62	95	0.9915759448171293
11	243	0.9574972217950888
37	217	0.9899579327265564
27	89	0.9736613951762414
82	160	0.966769348891508
24	56	0.9849650339304044
7	67	0.9602846993059634
23	26	0.9930830596636282
74	100	0.9668239697327604
8	125	0.9681326097349829
7	27	0.985501179482764
7	37	0.9539570822712289
50	243	0.959674246679953
46	65	0.9558380926269077
26	95	0.9930075010926267
241	253	0.9670154922307956
10	35	0.9923010039105031
50	66	0.9951802159633242
28	65	0.9955337863090423
64	173	0.9670574795276896
33	104	0.9937574332088306
21	120	0.9907386766154094
154	244	0.9743065918857732
19	60	0.9548128157459114
10	43	0.9656309132677579
104	241	0.9769049729645899
35	77	0.9747660240565124
33	42	0.9771253641052624
153	336	0.9656411558170719
100	141	0.9846525015453812
22	129	0.9548412713899068
43	65	0.9541966273704561
28	106	0.9836253314671157
24	141	0.9948200934198788
110	205	0.9607802805078021
47	61	0.9917096577002096
45	62	0.9718062023166115
32	175	0.9535447449645079
24	37	0.9923928676933648
14	41	0.9716132809798861
203	261	0.9812290530740722
107	134	0.968022423344145
141	336	0.9685091524078474
37	241	0.9883481791928996
28	37	0.9631959212864549
65	158	0.9799645830271293
56	125	0.9722308172449436
107	244	0.9535524889339755
1	89	0.9869800894177874
63	117	0.9878758733600811
100	163	0.9859460963836841
29	163	0.9704837960170067
50	65	0.9922168389170326
41	95	0.9895192006856002
14	60	0.9913205819120714
1	25	0.975417735232475
4	158	0.9568767772851885
14	77	0.9909823054679006
20	38	0.9840537374752931
95	104	0.9879518860772085
45	167	0.988499804656576
50	134	0.9634932206300719
57	129	0.96474952331734
1	173	0.9798798633875302
65	79	0.9900725251349898
52	104	0.9531854959316313
129	167	0.9629492063561811
78	129	0.9782467924673471
39	89	0.9958090779363764
24	99	0.9937120126200807
106	180	0.9680515294704342
10	56	0.9847712465521754
31	43	0.9830076630802842
10	62	0.9783612455872912
79	99	0.9701716680075163
45	68	0.9629589969225933
106	172	0.9793420834413221
17	47	0.998270944095946
23	172	0.9866856132470145
39	62	0.9714218484974799
44	66	0.9749062921288212
17	26	0.9967636236527325
29	43	0.9843940090845755
1	77	0.9766070268090054
17	193	0.9561713873284254
153	221	0.9802874437261344
21	140	0.9850172220150128
13	336	0.9790652278810137
10	141	0.9807822441896421
13	206	0.9709008723505104
6	154	0.9581534532541858
29	129	0.9729607635430568
62	67	0.9555684449871327
110	249	0.9571542859187683
26	44	0.9925332118215852
136	154	0.9823076589731007
12	95	0.9640037969624236
42	193	0.9549949036214269
110	336	0.9789887688415853
134	180	0.9745893951858553
124	154	0.973112317653597
28	141	0.9736696551437063
44	221	0.9635203892180726
33	80	0.9560730893261769
39	41	0.9912668171100949
38	79	0.9976437670646054
47	136	0.9848808619948792
17	28	0.9965555307535665
33	50	0.989917968474876
50	153	0.9701113539717638
68	120	0.9569530193995155
10	49	0.9832559285659538
46	106	0.9665671215191306
154	217	0.9861279426931436
95	141	0.9533350153240158
129	234	0.9537192120928413
39	82	0.9889925494354975
77	104	0.9792299095665081
56	136	0.9779224446131223
120	203	0.9681606368960883
14	28	0.9759885063579485
57	74	0.9554402943290495
158	206	0.9552198016709295
140	261	0.9669626942949308
11	82	0.9964165338178256
43	57	0.9519676861853034
24	29	0.9632807700702876
74	89	0.9695913125709181
46	55	0.9693585757529279
26	136	0.9725729340154201
67	74	0.9896079350380382
17	44	0.9871711037190147
57	165	0.9787447279595696
131	243	0.9779206091084014
153	243	0.9640064257379517
68	173	0.9743567398819675
39	193	0.9833028702440777
66	125	0.9622092073137433
67	134	0.9526351970541094
11	42	0.9854918885161736
32	62	0.9987470994963557
46	95	0.9663471578118638
62	120	0.9654199789443452
104	163	0.9635201660435156
124	153	0.962563153364578
64	221	0.9633233493683145
67	206	0.9625175065023941
35	158	0.9787191908377901
44	47	0.9862678145713917
23	154	0.9567701445223729
14	167	0.9691553712415955
33	61	0.9806305593430353
141	244	0.9728437640655816
21	95	0.9823869562200325
57	175	0.9746808701611152
84	95	0.9798492426563661
38	50	0.9897741969265585
100	203	0.9578200711681824
77	106	0.992260027223441
8	14	0.9781078346868235
65	66	0.9922038926668519
38	158	0.9692445780960919
52	124	0.987415516472465
13	52	0.9979457615520521
4	77	0.9946688629812159
10	107	0.9922348945988491
66	134	0.9722536213308697
35	167	0.9908555059050375
39	120	0.9913154348893692
203	336	0.9747562144761803
8	77	0.9823106887365667
63	84	0.9804692467480711
8	154	0.9737338047967898
33	55	0.9770956303691973
17	54	0.9540304924976073
32	68	0.997259766537274
154	336	0.9684135583599656
37	124	0.9701378327673846
22	23	0.9764439046569999
120	153	0.9854609891910651
203	253	0.9773136099556103
43	99	0.9839125747190864
44	95	0.9891135642231732
82	104	0.9941977657164669
18	56	0.9556189323773925
11	37	0.9696903022061933
60	120	0.955696375943184
31	67	0.9720331480120692
21	99	0.9783501432571762
32	55	0.9974470016756337
8	106	0.9900490829272246
23	68	0.9945403593050381
120	217	0.987932974265786
99	141	0.9911915221387422
54	60	0.9629787175215314
4	23	0.9942461460620249
163	206	0.9677069771546637
68	104	0.992521988471041
29	80	0.9758682905641236
23	42	0.9683163701873531
26	100	0.984767967597967
39	243	0.9706553090610777
23	63	0.9936011932577578
8	78	0.9530400161339779
63	66	0.9933710772076982
110	203	0.9729119417951828
38	95	0.9903812049670875
80	136	0.9658146009835098
89	110	0.956307324177725
45	106	0.9614837975289754
23	221	0.9744551822180042
13	33	0.9801253449133133
17	77	0.986726522758317
10	13	0.9798658569320673
110	153	0.9658472691302384
23	158	0.967223100829688
141	193	0.976898824234232
6	68	0.9984285548595682
89	172	0.9546177740860102
35	180	0.9543076171159374
32	79	0.9974710785181939
42	79	0.9773213608376354
4	173	0.9672867601677214
22	89	0.985617069848584
134	136	0.963485895416388
39	64	0.9538758302325494
8	10	0.9864409840707902
42	129	0.9630890780838941
41	160	0.9617577788970799
131	193	0.9899505580044299
193	244	0.9606555294094475
136	234	0.9520332121003005
41	104	0.9944871367367303
38	241	0.9614616422662816
37	43	0.9918628834964882
66	131	0.9746692660791463
6	95	0.9918858439776886
141	221	0.9841210074919626
100	221	0.9914548988257442
26	84	0.983555158828648
39	42	0.9846051763638011
49	60	0.993255307772935
124	203	0.986728615173045
54	63	0.9572021668216154
39	47	0.9843232280112622
100	129	0.9722238703755641
140	248	0.9689177790038823
42	120	0.9605959836355848
172	180	0.9631903207744981
28	104	0.9956376685649314
1	55	0.982371533245824
28	154	0.976134114300522
89	253	0.9542651498722898
57	110	0.9640067236649175
80	163	0.9625890916838291
23	125	0.9528953591451211
28	167	0.9956876725963193
117	134	0.9569319961804466
60	158	0.9632106102121459
27	28	0.9653498446214417
14	66	0.9677561644847514
28	140	0.9787043209772428
32	42	0.9789007087093808
82	89	0.9888910867248303
14	79	0.9870690245819618
35	153	0.9770826451475008
47	140	0.9791074365441286
4	46	0.9717419186791126
10	68	0.9752532052943824
23	44	0.9854497564102448
13	65	0.9738616470936071
66	141	0.9752259539276648
193	249	0.9794979838035686
11	66	0.9909143637384044
67	80	0.9538913699097937
241	243	0.9756114080847728
4	95	0.989400525152771
11	25	0.956868849285609
82	206	0.9534382326554556
173	243	0.9734896123626602
62	221	0.977659099965601
66	173	0.9925029921720783
24	74	0.9848099234036087
43	336	0.9795296447186317
68	89	0.9644836092209145
6	24	0.9572214380053126
13	57	0.9654784548837703
17	84	0.9766744344498597
31	336	0.9808503072297129
45	141	0.9863427861238199
63	158	0.9743854437688753
120	134	0.9575098163130407
13	153	0.9876540085342254
41	175	0.9587295436730012
41	193	0.969848767855739
67	243	0.9773149290212078
203	244	0.9945159308396623
66	160	0.9723133921980104
52	163	0.9922333554629034
32	38	0.9972833428885319
7	221	0.9579868115588084
120	248	0.9528686439709879
141	203	0.9790717390098131
106	120	0.9530515222389746
206	221	0.9585174043093664
125	141	0.9657026715826312
7	163	0.9687921465573601
18	175	0.9776029957833199
17	221	0.9856890843648316
31	163	0.9717051888795846
65	120	0.9761239756108212
136	167	0.9799423663853846
60	221	0.9696566070557218
82	129	0.9695230750179551
21	50	0.9773280685862229
89	336	0.9721375834271155
89	124	0.9535184390624183
41	52	0.9684209269514328
37	41	0.9748975823607241
38	62	0.9983813002981716
41	99	0.9840537363091235
10	23	0.9743405860294873
32	160	0.9604057961022168
74	141	0.9807901201199856
22	37	0.9818488477296492
11	64	0.9831621430735076
18	107	0.9541156960123984
24	336	0.974360178016973
50	106	0.9769135073107313
27	74	0.981369451492452
110	140	0.9666639361315384
41	68	0.9863668988237158
35	57	0.9575923173612808
66	193	0.963942463248161
38	67	0.9530574101318949
47	160	0.969946165072754
10	203	0.9578279775347907
13	104	0.9620528479345092
45	89	0.9913886356461987
18	82	0.9591203392322549
11	32	0.9936774635762207
6	173	0.9753607904511044
158	241	0.9813607059875638
20	172	0.9691040902492956
10	154	0.9882074489349474
110	217	0.9662678506286497
6	99	0.9673730651686105
50	140	0.9725335560605375
23	46	0.9637785599732984
82	107	0.9925178604589893
6	55	0.9964440385607105
6	82	0.9898588914142958
22	173	0.9907612451250287
64	158	0.9554420383811753
55	136	0.9621685797449306
66	140	0.9793265784616265
8	49	0.9942965323638939
12	54	0.9745590084242773
56	336	0.9553711856032872
129	136	0.9760565980821783
32	172	0.9852107446603072
33	107	0.9962222908889151
41	129	0.9663542603938231
67	141	0.9907784416623933
61	160	0.9608664783155548
21	61	0.9747588026294847
22	131	0.9849092634398737
8	172	0.9841682952244785
24	217	0.9923953730849797
45	221	0.9891480013728647
61	221	0.9698841303242705
10	21	0.9750939600295665
54	95	0.9722661775198901
61	180	0.9732475191999717
63	68	0.9977095257283544
100	153	0.9851315338646773
38	167	0.9899710656294338
37	243	0.975589695885754
45	104	0.9818087052533258
17	104	0.9959136460279829
8	65	0.9922715395390022
11	125	0.9705389041031633
49	65	0.9896872437829333
23	77	0.9897267076017076
25	89	0.9522005163886001
11	44	0.9836382606627333
4	49	0.9930777619991995
104	117	0.9808733053689784
11	167	0.9954428287925206
12	68	0.9544089264257049
38	45	0.9691572531189523
1	175	0.9603114945230461
26	221	0.9784637174723521
56	167	0.9949640825466342
27	193	0.9717047338999215
35	249	0.9630198512310748
50	249	0.9658788244603664
66	249	0.974094638800505
163	261	0.9764717043262148
129	163	0.9796062670782069
10	66	0.9883813556335457
8	193	0.9643280983052849
39	205	0.959857604180658
14	106	0.9906750050230161
56	117	0.9643178405869842
193	248	0.9542878943157231
124	206	0.9555663496962881
15	135	0.9620196204035945
10	80	0.972933830078292
125	241	0.9704952774362614
78	107	0.9809033725192615
32	64	0.9952511357408392
39	43	0.9734663021736087
28	221	0.9881569260393328
44	82	0.98035589663592
21	106	0.9788491286626924
43	173	0.9584626722418361
77	180	0.9775575734169826
129	205	0.9568983876552348
13	158	0.9751685350712958
124	217	0.97322730747778
35	107	0.9896683296443941
42	165	0.9650379547378838
10	78	0.970043951391763
13	35	0.9758368307978202
82	141	0.9785858531838787
77	107	0.9541650648415556
28	62	0.9936501248629737
4	45	0.9560852241394929
10	248	0.962027621911314
104	129	0.9572167101545336
24	41	0.9840753368786395
13	136	0.9731918716572707
31	37	0.9724660033064769
80	141	0.955047998916148
21	57	0.9590247113489925
80	140	0.9586151141357703
69	153	0.9653759507012322
6	49	0.9973385522485743
11	57	0.9664821328184794
37	253	0.9856127198668894
1	136	0.9766581407765134
37	107	0.9870916942574928
100	125	0.9743329713082478
22	45	0.9947979172233478
11	241	0.9822370868090902
74	261	0.9863966775073612
18	79	0.9520232824117631
153	234	0.9739949632409791
13	31	0.9798131213580917
55	64	0.9976381353090921
11	47	0.9965430967343356
26	63	0.9972037512421954
107	153	0.9881676806822851
120	193	0.9881212008038738
13	28	0.9669504493074772
39	141	0.9848540190120448
14	33	0.9621369110561531
32	60	0.9967160589138593
141	253	0.9668162459011
244	265	0.951934199961987
11	120	0.9841888688398617
100	336	0.9612230364208477
49	134	0.9746525009988389
82	95	0.9870954605073663
22	167	0.9936423535644168
1	60	0.9829355691753767
1	20	0.9553743263833616
17	50	0.9911338547252934
77	89	0.9519783465260918
56	62	0.9857025461512776
60	241	0.9563116701883183
33	163	0.9828360188145091
154	203	0.9794546817694985
13	220	0.9870745881682992
67	163	0.9956845045393798
153	193	0.982384526534422
6	117	0.98751869265879
163	193	0.98758242774788
1	46	0.9611054349204253
14	63	0.9864987248397817
38	117	0.9884168361437001
79	158	0.9720554306502673
4	38	0.9968102131138721
25	33	0.9524253742700821
25	46	0.965123957293681
4	221	0.964008209167253
45	220	0.961793770941378
67	95	0.9557377498215547
89	106	0.9612087496581616
19	55	0.9554423437600467
65	153	0.9782531261567751
13	265	0.95263847388647
47	141	0.9733512447468515
79	180	0.9722605999524105
89	120	0.985514878094743
47	107	0.9901602481173291
6	153	0.9527881974443213
43	89	0.9666044988486872
66	84	0.9617688515502754
78	234	0.9575211003241642
11	172	0.9794287515854256
67	336	0.9806475720778673
42	61	0.967673100023348
46	49	0.9578583926672117
38	104	0.994163265903364
37	45	0.992574738442048
52	241	0.9853088620896717
52	136	0.9691501161093237
4	10	0.9651649387122458
39	241	0.9875631087512622
131	249	0.9867532604294591
79	134	0.9808474852376996
54	106	0.9640507992780258
107	140	0.9945078456598309
27	78	0.9871710695941108
39	140	0.9913841613057048
55	180	0.9723769861636113
64	107	0.9612999200294259
22	172	0.9672487404274801
14	117	0.9847704083574387
10	153	0.9890114415567873
65	107	0.9897477755404487
8	241	0.9805830619530121
46	84	0.9785314645583799
60	173	0.9726952214191911
129	220	0.968806739771187
13	21	0.9743359445876615
7	244	0.9708304851540269
39	160	0.9569227776827043
11	160	0.9721903900464856
6	11	0.9914837517841637
28	99	0.9824970796153049
1	158	0.973123729360974
61	134	0.9727470316756706
107	220	0.9587750798834334
14	26	0.989425865737595
1	62	0.9885598196853469
18	140	0.9534472723371294
57	82	0.9632352997684932
12	55	0.9547970865942987
17	243	0.9558383473925232
44	70	0.9629294723141981
1	129	0.967120922949198
47	167	0.9953478222082166
136	249	0.9696009726974578
82	120	0.9846916807454626
84	167	0.9590101826618095
27	160	0.964855497767724
13	243	0.9756858807263329
55	77	0.9933807696837432
28	241	0.977267661003844
45	66	0.9836045147043542
57	241	0.9614167173683354
18	120	0.9527647934835815
67	167	0.9796031355648989
249	336	0.9613994787410314
66	180	0.9556936980419474
217	336	0.9695580568256816
140	244	0.9704497624278415
21	39	0.9896938737756192
41	43	0.953986746092031
203	217	0.9798914906416528
42	55	0.9672483262543068
21	336	0.9550384960657268
26	89	0.973399403008195
17	241	0.9740509267782514
26	70	0.9526823823348598
11	77	0.9770800290897603
13	67	0.9942282212973079
13	244	0.9816424397196128
24	32	0.9578117648663914
153	244	0.9696824345263648
7	43	0.9713988555243716
10	193	0.9705227706940502
140	153	0.9918570441251222
17	89	0.9785986285276869
45	100	0.9941001212162659
104	140	0.9756929070592981
13	163	0.9926118753346085
39	95	0.9757112911907173
1	63	0.9852209013771704
1	33	0.9903003763125664
134	140	0.9571572395582797
45	79	0.9761816289281393
13	107	0.9868325846979435
131	217	0.9902027307179886
120	163	0.9907315881319021
67	261	0.9758990375876122
17	95	0.9911342261447096
65	82	0.9921783385287497
21	26	0.986705878787494
4	61	0.9963038349056603
54	134	0.9817364507741312
45	47	0.9849804107589486
63	64	0.993721052017448
45	65	0.9784873235385794
37	74	0.99332516144447
67	173	0.9845305399201651
99	124	0.9695591654718768
6	158	0.9682108617303593
38	99	0.9647926698275144
1	107	0.9877226057877173
106	107	0.9647569514239811
20	49	0.9775820617669695
54	55	0.9634662407505243
29	253	0.9532438987463834
43	100	0.9687050035935909
14	62	0.9888923100702085
68	77	0.9910402029181258
15	58	0.9703862909471423
10	32	0.9752726260650422
7	35	0.9566633902885255
117	136	0.952826078904601
100	140	0.9921655743142086
49	63	0.9971455839932453
11	14	0.9774875785837013
106	136	0.9564528750651946
44	104	0.9839620583960779
66	67	0.9755510658466249
167	173	0.9912792924690441
39	336	0.9769425066800952
6	134	0.9778578425125733
65	140	0.9815925963512798
62	106	0.9960243711925152
129	217	0.9838619801905057
49	120	0.9643808323245684
17	23	0.9958233301538206
17	141	0.9667132267410576
67	140	0.9968138172798833
47	104	0.9969356411609873
27	249	0.9678418512414071
79	153	0.9564978779681408
13	43	0.9948466363471807
65	217	0.9755406342693639
23	60	0.9935462975312037
1	52	0.9669019982974704
4	12	0.9538788654493245
1	4	0.9791726139713439
25	62	0.9546534675814915
26	134	0.9804580875404422
8	50	0.9918590137089887
62	134	0.9791809688144428
163	221	0.9809292512281673
17	82	0.9958590550454075
10	167	0.988338838808652
33	65	0.9935813628967971
49	154	0.9633978936509049
24	33	0.9850683272306472
26	104	0.9957179940627422
63	89	0.9696473705821969
203	248	0.9782649029407848
37	244	0.9738382216571749
124	248	0.9824616761128634
82	241	0.9866874707667863
24	193	0.9828008196621925
78	241	0.9818422993433064
42	141	0.9566663678751051
24	243	0.985501737558192
117	172	0.9790800278405993
14	23	0.9851534806763407
43	153	0.98328086704316
141	249	0.981807634786299
82	100	0.9941142394152521
33	125	0.973485235114803
63	99	0.9706655467352059
10	120	0.9805064369560665
24	167	0.9786012910774176
20	47	0.9674391230981939
129	248	0.9834884704261881
6	20	0.9835312167445239
26	41	0.9919782769838461
6	45	0.9666404929835131
63	67	0.9578509177916904
23	241	0.9629467266309912
22	104	0.9898813299381752
37	47	0.9653666158366743
1	117	0.9614961689086379
104	173	0.9860691838986304
120	131	0.9960852886293172
125	193	0.9636590009390589
1	10	0.9832166868579089
17	49	0.9965748616299617
27	100	0.9766223067417594
50	89	0.9632060794146715
20	134	0.9548307928594771
20	55	0.9914384060418112
1	41	0.996197321095538
62	79	0.9979756976309663
45	158	0.9823206932039322
8	163	0.9667162313981825
42	56	0.9705941316221328
4	8	0.9896799050326132
25	28	0.9576234064372388
74	158	0.9576184688433828
206	249	0.957531863654185
24	52	0.9951362422331346
11	206	0.9579222921618036
11	106	0.9854930053432656
18	22	0.9549408957316593
61	241	0.9543996945644585
8	153	0.969629408115604
7	15	0.970729664493247
95	100	0.9773677780030908
39	60	0.9629521847633072
193	261	0.9656573706095866
43	140	0.9885025504210218
107	129	0.9801782568346289
89	131	0.9826007206326015
35	49	0.9898494215849336
13	79	0.9525682585019204
52	65	0.9664741390685647
31	120	0.9590210518262416
32	154	0.95682192547842
10	99	0.9916727346333002
64	167	0.9808841645520443
17	249	0.9554015849309112
11	62	0.993149958499627
43	56	0.9600734892994096
45	110	0.9529277279202235
11	89	0.9882416880072751
47	180	0.9654622178360892
78	249	0.9808285331324325
33	154	0.985501494353908
41	100	0.9949142769926149
10	47	0.9889422371068142
28	134	0.978275378093745
79	125	0.9596175202921685
100	173	0.9928745693370201
11	24	0.9781496388555466
107	241	0.9874102826967104
134	205	0.9569049230946263
25	77	0.9553605883121931
32	120	0.9641987810426889
221	243	0.971805013557077
153	241	0.9803110658092233
60	68	0.9966680063917601
107	203	0.9643141331401882
45	55	0.9607974600783785
20	46	0.9658844729873582
6	100	0.9803732264268461
140	141	0.9924800443759967
28	35	0.9952987139325846
217	241	0.983013659265174
74	217	0.9832806818635373
129	160	0.9615899748410794
8	46	0.9593182638178938
104	172	0.9831288107735043
173	221	0.9872615180469098
61	172	0.9880687560011401
244	253	0.9708900689979778
57	120	0.9588305047953769
129	244	0.9737677039830246
49	68	0.9961253791225041
134	241	0.9579635641557303
79	82	0.9935492576988338
6	106	0.9936422239897701
110	131	0.9659782481458898
37	39	0.9869018867699975
6	25	0.9540978445940431
26	125	0.9583104823090318
77	221	0.9570557792650565
23	33	0.9791234566632228
42	67	0.9593237455289386
66	153	0.971721196991759
13	39	0.9867315363580854
193	336	0.9736151113490144
99	153	0.9902067977407236
89	125	0.9635801976752332
32	180	0.9771978209037434
32	35	0.9876372017644319
17	56	0.9888534244122449
21	60	0.9797976799913527
23	39	0.9639293544116392
21	70	0.9564157348424686
27	41	0.9688699548753414
42	54	0.9736467107368383
27	336	0.9677271247506345
50	117	0.976926357123772
206	248	0.9735819917293616
45	241	0.9924105163422074
18	57	0.9635446398032286
35	134	0.9747010261290674
32	241	0.9634198571309491
17	64	0.9907443780660234
29	124	0.9809699372604468
27	39	0.9777348532665708
69	206	0.9799844962139395
35	62	0.9897061825689484
8	217	0.9695025220441921
8	67	0.9749727467389718
125	129	0.9520310892613961
55	79	0.9954352634729644
24	26	0.9600687440035585
55	107	0.965793120772299
1	17	0.993556444403509
62	68	0.9978250015330161
8	32	0.9954334660839397
140	217	0.9929761543164921
21	64	0.9706380296833885
21	104	0.988226419883479
26	141	0.9549980437411492
14	173	0.9527230130171291
24	39	0.9904388530384782
29	234	0.9731050327578699
37	56	0.9822898378835387
10	44	0.9600233646547016
41	136	0.9810972707051134
33	206	0.968034634342952
31	220	0.9826163649317952
23	24	0.9566835862595298
22	41	0.9943169441235351
100	131	0.988240699252456
54	64	0.9614306776331598
20	77	0.9901881780155665
32	44	0.9931500203960624
47	100	0.99342003225806
54	68	0.9632429412080328
6	136	0.9772024149075637
124	220	0.9804914683780876
20	180	0.966468348244659
19	64	0.9541712288472213
206	217	0.9655314050067763
69	136	0.9732033746476398
10	221	0.9863333991831207
104	154	0.971407962476275
104	217	0.9661117030271955
33	35	0.9929186465718312
82	243	0.9704422790728267
39	253	0.9577302087317129
78	120	0.9874408353953694
129	154	0.9846865905755193
89	107	0.9852379320983049
56	60	0.9804265496515978
50	67	0.9655464393692262
31	45	0.9592988960338664
241	244	0.9535482389680476
8	180	0.9633871005659764
8	160	0.9688978885358139
7	153	0.9804096426495064
67	120	0.9965369320337847
10	63	0.9823937827666119
67	100	0.99080613835639
37	167	0.9718995424377324
62	100	0.9833694919824953
60	77	0.9934271170312428
57	140	0.9635356670412244
140	173	0.9851657842980721
28	57	0.9529107330398406
45	129	0.9701693433763547
11	26	0.9938977183430044
110	244	0.9721531716333996
7	220	0.9560016160230969
52	89	0.9785869834335548
8	167	0.9963731754645726
33	62	0.9865552507206486
1	84	0.9601889591056154
4	32	0.9966741575490994
261	336	0.976814310633582
37	50	0.9548958105816427
43	154	0.98612986602326
56	66	0.9931921733586017
77	172	0.9794445424971552
11	17	0.996343155851086
41	61	0.9828364686087204
64	89	0.9546132449328157
193	253	0.9721715501877
107	221	0.9904851398623583
140	160	0.9642839751686438
41	66	0.9913930273605418
217	253	0.9691146310529599
106	167	0.9824228014669134
153	158	0.9781912669298254
11	134	0.9847812645279899
95	134	0.9845847384119333
107	120	0.9932716747764929
27	45	0.9748813189685812
84	172	0.972606068257869
79	89	0.9757315864847094
1	243	0.9624152285623331
6	120	0.9597104336108484
221	249	0.9729128327683028
43	124	0.9888607225101849
67	220	0.9768785030987879
175	221	0.9521811176673769
22	24	0.9807050899214859
55	158	0.9608714092692392
82	193	0.9713894000794465
27	124	0.9820200290217392
42	77	0.9607492079684294
17	79	0.9976780270020745
99	217	0.9885491186204887
65	173	0.9831960893078806
17	66	0.9926790696308181
62	99	0.9674790725487019
37	154	0.9868797389978377
8	54	0.9524056759550751
55	61	0.9955517027024383
13	27	0.9942165352378985
140	203	0.9778467336265266
42	44	0.9716588058241014
11	84	0.9653822184494802
23	104	0.9887687160619214
47	249	0.9652883311811119
154	193	0.9780158330657756
60	63	0.9951868795886591
44	106	0.9930008941893054
41	243	0.9667966008657863
6	221	0.9759826393554285
33	66	0.9943440693684976
153	203	0.9754093470151906
61	117	0.9896859428567476
100	120	0.9929644844263734
50	158	0.9835272606635024
23	45	0.9647324066987147
20	104	0.9688622898473772
23	180	0.9674953982129194
65	172	0.9836970015681893
11	35	0.9939452279968819
1	18	0.9708287152044888
49	104	0.9935217450695673
42	106	0.9636494176505539
64	82	0.9804684149629771
18	265	0.9647964954787382
1	26	0.9881607379909048
67	160	0.9534730611391595
11	100	0.9938605931008049
33	241	0.985619348566604
167	172	0.9793134447710049
10	69	0.9719447168581157
24	221	0.9864249715683904
22	26	0.9877859163288367
74	120	0.9828295629653916
220	244	0.9868689144554164
35	45	0.9836615883434923
131	261	0.9740805667911634
56	163	0.9807348614089684
63	173	0.9823233597443777
57	70	0.9670131709429355
50	63	0.9925408188943974
120	140	0.9952504530159836
22	158	0.9833823314621948
4	107	0.9635855116051979
69	234	0.956152621821591
11	68	0.9899663747463245
18	31	0.9546638163772116
10	160	0.9855660607046509
4	6	0.9970119073691266
49	180	0.9672669274665051
153	217	0.9833970021997007
136	140	0.9772780183974868
38	63	0.9976974742231268
43	67	0.9889302408275122
56	241	0.9859050680416619
62	104	0.9948889487243013
107	336	0.9640251872424876
23	41	0.9874960101183579
95	172	0.9778303451679949
31	193	0.9636670824641177
28	44	0.9835455708359215
10	55	0.965902837125559
17	39	0.9797613374215319
50	217	0.9661775054603601
21	45	0.9952451655763253
1	153	0.9693133519958574
50	167	0.9901787362653904
124	131	0.961025919147301
49	241	0.9632993037641269
163	243	0.9785925174140107
64	136	0.96202218802986
99	248	0.973528355251323
26	47	0.996204284284296
20	167	0.9583976975371482
54	104	0.959358495174194
120	221	0.9850768148332086
50	64	0.9816016961142388
28	120	0.9768197225248922
27	33	0.9746849961011532
33	57	0.9603902133553117
11	12	0.9519432518017941
45	140	0.9937190293524806
37	248	0.9618865639221159
57	167	0.9525745024664984
110	193	0.9629751088193425
110	206	0.9579106113295577
125	173	0.9645040793603861
26	66	0.9911303450878302
18	134	0.9532514024652137
27	217	0.9835171205696784
28	41	0.9938055366134149
60	82	0.985934702657056
23	89	0.9672610789329603
78	336	0.9815509997742646
22	193	0.97711343678427
42	47	0.977494766424615
24	129	0.9857466600155984
13	42	0.9552182848466237
18	95	0.9544096481393685
17	21	0.9862996836887301
11	65	0.9925996555175323
175	180	0.9535689259600417
82	167	0.9947277096117423
8	89	0.98283351919235
1	70	0.9530399860178649
50	129	0.9609350123935729
99	221	0.9877250999448515
6	21	0.977705168635302
248	249	0.9582136361702543
41	63	0.9892769759404505
28	46	0.9651258475089755
7	39	0.9549012428129413
56	172	0.9731597776493279
43	265	0.9531177669465885
28	79	0.9959162767029166
20	79	0.9794574402910365
12	77	0.9528333296678257
63	100	0.9840137607327262
32	100	0.9816442807525625
47	68	0.9926100532497045
24	131	0.9908117314745906
27	65	0.9767931356565696
20	106	0.9915678970514707
32	63	0.9961540585252583
22	65	0.9813528871099768
18	141	0.9520931236326123
6	14	0.9894820468693637
107	163	0.9894672259575449
28	68	0.9911046736296101
63	154	0.9602926017154123
78	141	0.9873388322825029
165	271	0.963624829010896
61	95	0.9883941085603707
14	46	0.9750685643027355
95	173	0.9728064111114683
42	134	0.9907994870431237
38	89	0.9673565466188245
65	129	0.9781150070934405
77	100	0.9606847580347311
67	136	0.9716665117483404
38	61	0.9960087912104437
6	56	0.9812487261535545
82	140	0.9849755085360403
15	153	0.9546286688375057
23	160	0.9638381553022144
18	47	0.953850635920162
52	56	0.9710052047063414
24	38	0.9547210740425722
55	100	0.9731047885191259
47	217	0.9713982248693618
4	17	0.9921058306388345
37	129	0.9715566710705079
6	77	0.992062303820797
26	160	0.9623984954446649
27	221	0.9765147379404863
42	217	0.953699848820839
55	172	0.9836548880273934
117	167	0.9734008193267754
24	206	0.9638829039481778
13	221	0.9811852803690932
39	67	0.9920447333099938
28	33	0.9960063035979428
107	193	0.9839964089739099
1	172	0.9723739063849313
4	64	0.99884392522339
29	217	0.9665029173274204
6	17	0.9975827844254339
17	140	0.9738492491152771
8	27	0.9616408247161559
78	243	0.9720329093577299
10	241	0.9785150076929292
42	167	0.9735974188755592
22	42	0.9671974271081767
4	50	0.9822111055534564
100	158	0.9871104092610429
32	131	0.9519796943470873
45	56	0.9951938660657854
129	243	0.9694947749676213
95	180	0.9771116702202032
26	33	0.9880263537984978
33	68	0.9821005020247356
6	39	0.9681610108697076
154	234	0.9589634617415591
206	241	0.9540195792021584
22	140	0.9859602022053744
140	206	0.9701104604569518
41	57	0.9668166729918081
17	173	0.983385795109418
95	99	0.9642695033411108
4	47	0.9889390130077844
6	89	0.9681606886774989
165	175	0.9672132878147226
43	52	0.9971253977010914
104	107	0.9870457644484226
65	221	0.9869337829208829
10	249	0.973495246441811
33	167	0.9964073823463546
27	243	0.96853296482671
50	136	0.9863674799433948
64	77	0.9942991066505895
10	27	0.9834088292323226
74	249	0.9738729348691706
203	241	0.9652509932634822
41	64	0.9798475264962446
220	241	0.9669372494071169
153	220	0.9691099258651128
41	74	0.9532534113833472
77	84	0.9927991789325965
44	84	0.9890666988807733
55	60	0.9982969918641884
49	167	0.9897942577352972
55	82	0.9842502339622372
154	167	0.9757807813858176
32	41	0.9915842276195366
65	67	0.9748216980858573
4	117	0.9933882733219654
99	160	0.9718091933523577
23	56	0.9771287560528554
17	106	0.9909530569971351
23	99	0.9656849048738321
60	134	0.9747137198615756
50	82	0.9873063087249431
65	167	0.9900103072683117
11	41	0.9971350418185142
38	60	0.9971851344000123
17	206	0.9526889925636901
35	63	0.9881119929109108
3	23	0.9552756861659484
38	49	0.9973519865167804
27	29	0.9820442170332075
66	106	0.9806114665316317
131	158	0.9774246245043097
77	134	0.9664433668178153
39	45	0.993532088543029
50	100	0.9871659592070181
1	24	0.9828512743127298
82	154	0.9805073788407188
27	50	0.9599063241902295
89	104	0.9803799042257493
4	104	0.9887706220903867
32	104	0.994672443598485
84	117	0.9858789819067477
25	44	0.9649468569310459
153	154	0.9905554066145785
21	221	0.9875514926690847
52	221	0.9758029021315247
56	129	0.9633475299142571
10	17	0.9865104055805884
26	154	0.958289569540856
35	172	0.978429558538177
21	38	0.9797749459721534
6	32	0.9975550759173503
167	243	0.9627341912522092
78	173	0.9663769252610288
129	249	0.9654693115806445
110	124	0.9717283990553975
23	134	0.9737308366413802
8	62	0.9967133256902404
57	205	0.9670965416251415
35	38	0.9886964144356827
17	136	0.9821416047497171
173	206	0.9525605009727904
19	117	0.958937178485129
107	110	0.9541969627168332
6	84	0.9860946038701586
70	79	0.9523166405660304
50	56	0.9860640596358365
44	175	0.9534158055801286
45	50	0.9733214246679399
4	19	0.9545852782203541
46	61	0.9711569736457242
13	141	0.9910535548317801
27	35	0.9764005555136336
24	49	0.9574894038808088
57	336	0.9656053033763231
193	206	0.952539335306915
136	141	0.9741951704698886
10	29	0.9565587033064697
100	154	0.9875079424415509
80	234	0.9758960409964882
13	241	0.9886110346297785
13	193	0.9851648103423406
129	193	0.970301903566385
10	28	0.9926776017926124
64	66	0.9814315625158493
11	175	0.9602863639821495
42	68	0.9733759106038349
120	249	0.9845856299680522
78	244	0.9868858780516367
8	129	0.9596744254941167
37	52	0.9929773983534366
37	82	0.9741858707218116
43	203	0.994252783942714
107	249	0.9844149822496473
28	153	0.9725674468036274
47	64	0.9882212295337408
67	248	0.9649491619054241
14	64	0.993796873490457
160	206	0.97583040649816
43	78	0.9979694635556955
68	107	0.9721953874070927
158	167	0.984322675158672
42	57	0.9852196646163405
39	158	0.974240220130338
31	39	0.9699612015548891
66	100	0.9922067610583979
120	129	0.9697635404162049
50	154	0.9687696441694702
42	153	0.9541432248342312
80	153	0.9752786760339223
61	136	0.9705445162219417
67	110	0.9704632613868246
136	193	0.9571780465567254
56	77	0.9653904120707398
39	136	0.9753525791036899
63	140	0.965366840695405
22	33	0.9934564671804539
57	78	0.9519195403714824
33	63	0.9883495773598598
28	56	0.9915488166575072
50	206	0.959402164674484
18	89	0.9702542251168489
45	120	0.9962480536897848
20	35	0.9540237825659544
35	100	0.9921970398469617
100	241	0.9876491201131251
39	79	0.9767985067945086
32	136	0.971207704597685
104	221	0.9859988054518136
8	249	0.9652569089316287
120	125	0.9726005743436441
61	173	0.9768669724796377
23	79	0.9939608972940124
64	172	0.9841255885290559
12	42	0.9742307302081961
39	163	0.9855486465426773
74	124	0.9806222265239901
1	68	0.9825074504297937
42	45	0.9664077271838054
6	28	0.993522792475275
82	217	0.9760071256857341
62	173	0.9800884161786557
27	120	0.9759505754309403
107	248	0.9583764729109454
25	82	0.9610971495466506
6	62	0.9984689865766883
57	134	0.9754683311438683
62	180	0.9725520129871318
173	336	0.9529965964510322
82	106	0.9834606018058611
28	100	0.9926710500601804
1	241	0.983312488345975
32	33	0.9847096983533005
10	45	0.9803527455205199
52	140	0.9928686707034817
39	154	0.9858664252286002
42	131	0.9556110846219422
136	221	0.9786407054175756
25	95	0.9541075319954151
19	23	0.9538257846826035
50	62	0.9894591609970711
44	63	0.9866645885381862
95	117	0.9752524802979381
27	31	0.9737357797856887
41	154	0.9792690785939135
60	95	0.9919779705472913
27	125	0.9596339181227787
13	47	0.9671975978442494
11	249	0.9632896569928431
52	74	0.9942481975658164
66	77	0.9734271349342054
4	106	0.9976718649432622
82	99	0.9861825040828853
11	67	0.9781420863602961
160	167	0.9712957706254649
13	131	0.990133717751818
47	154	0.9753692395792074
10	243	0.9655426606364943
22	221	0.9877120179406828
80	203	0.9582163267490393
4	14	0.9941310041000115
44	65	0.9729056285399684
6	79	0.997140171172989
163	241	0.9837447941780164
56	106	0.977610181847886
1	6	0.9873033102972242
14	22	0.9590470972031011
56	65	0.9863986166870846
66	82	0.9936261517528437
4	89	0.9568334264467572
26	117	0.9876049856490825
10	125	0.9690837809999621
22	95	0.9805378422700258
21	163	0.9750871961800388
13	50	0.9593625459137225
125	249	0.9570028455938638
50	180	0.9533876826200227
1	39	0.9862369420000154
120	160	0.9592744016606618
241	248	0.9532527642382438
62	63	0.9976724398519959
37	249	0.9841849436600754
38	172	0.986844023423995
17	154	0.9721540988712122
38	66	0.9898533312867852
80	129	0.968707664695419
11	22	0.9925316626379288
63	77	0.9869599222501633
62	167	0.99038697649052
14	82	0.9695337969225822
41	125	0.9701116627249551
28	52	0.9587911445347498
120	158	0.983101241568564
62	66	0.9905052038723922
57	163	0.9548376195073116
124	244	0.9913311731923209
158	173	0.9854406930457944
41	54	0.9533869514882505
8	84	0.9713935230811787
26	217	0.9521020232332893
64	106	0.9962453599189303
60	79	0.9966503884092266
4	167	0.9822037327221128
120	243	0.972616851310175
24	47	0.9774055649026602
89	154	0.9800462630791449
27	69	0.9747845812935263
10	106	0.9603200959244313
10	64	0.9643011762705099
1	95	0.9863564736592894
41	107	0.9909520085512354
220	221	0.9523259062362328
8	158	0.9823054369095419
74	129	0.9720618107013377
4	41	0.9819747673287946
8	38	0.9948803415461204
8	66	0.995707878928201
69	99	0.9673535706760235
80	217	0.9565432929801214
79	84	0.9818987362323506
154	243	0.9692449697361022
28	60	0.9889323632227902
1	160	0.9607141257595059
45	63	0.9714606657346865
50	120	0.9705465164429199
65	136	0.9929636993222531
11	61	0.9861127557704408
79	154	0.9635614907373298
27	158	0.968786468282651
28	39	0.9830344146809372
47	50	0.9933449391589135
43	253	0.9841025763326295
131	173	0.9852107613991776
67	125	0.970015755234924
17	38	0.9967004327572213
12	175	0.9640401500506026
6	47	0.9948399753727748
140	158	0.9842333992387942
11	95	0.9908602593919413
56	243	0.9715719696861775
39	175	0.9631083176350259
67	158	0.9790779402009915
66	78	0.95515749307808
56	154	0.9787436583952633
33	99	0.9895816424765442
78	100	0.9762666311210062
41	56	0.995322382208786
26	45	0.9746122249901441
78	136	0.9606395990832068
35	79	0.9913568109212925
153	163	0.9891884097386892
24	244	0.9723340606955422
10	11	0.988637983455992
54	84	0.9644211184789906
33	172	0.9766805676303196
52	141	0.9907122283261902
32	66	0.9876447629353888
47	163	0.9676996584665636
28	45	0.9824545129872375
27	66	0.963210771069456
120	141	0.9848320183083685
99	154	0.9928228398391915
14	56	0.9600549879996458
10	172	0.973220102847287
11	56	0.9931220343696641
63	241	0.9654776635301388
32	54	0.9690248772489338
24	158	0.9775269590826154
21	107	0.9900100455829361
57	99	0.9650746257886491
50	77	0.9735683295074478
193	234	0.9519988718379995
110	248	0.9751026743731999
89	158	0.9677058188041519
56	79	0.9878700417044561
78	206	0.964296427291842
82	173	0.9886913665101811
74	173	0.9553809264290315
38	221	0.9763013433420276
21	47	0.9904585950101159
8	24	0.9767112014535273
11	193	0.9704253176076623
74	253	0.9912461887522814
220	248	0.9733779834657238
39	129	0.977284847803852
56	100	0.9964998109230887
63	217	0.9556298481980208
24	253	0.971219216381727
69	154	0.9634245874505355
141	261	0.9650218735996261
17	180	0.9692152515910778
21	193	0.9763100357603938
42	221	0.9760265124684311
27	52	0.992465362712779
193	203	0.9698408251266942
11	79	0.9945351800352595
26	50	0.9881638966813271
140	249	0.9856083718488025
43	248	0.9802505854257926
205	271	0.9524594853949092
66	89	0.9760205238818223
50	95	0.9770469761782661
11	154	0.9792323132185548
17	32	0.9966987539510064
193	220	0.9719068481330793
131	206	0.9556906314689606
55	63	0.9941850982785987
193	221	0.9781943706501428
45	107	0.9931544069006357
125	136	0.9587962524693161
107	167	0.9921279639147486
22	61	0.9758713468911794
20	32	0.9842179702252113
11	54	0.9595530910368997
131	244	0.964507971775383
11	50	0.9860546167602473
160	241	0.9538984025984871
17	55	0.9930399826291704
42	66	0.9688221630086056
46	104	0.9581891822143711
26	140	0.9641172623111227
39	106	0.9593572081430752
45	217	0.9876210859164003
24	65	0.9794035758572021
1	28	0.9912746849401399
11	104	0.9964539568569121
1	45	0.9877618515212547
89	153	0.9690892757895881
55	173	0.9696844291297071
45	244	0.9518958880467426
66	117	0.9761906705942145
57	107	0.9602794435983163
61	99	0.959017945648365
6	64	0.9957189715426246
74	110	0.9778110654502448
158	193	0.9674442831319667
21	68	0.9761610554080342
42	180	0.9744490616278528
20	28	0.9641644955214992
65	193	0.9631869721156543
10	110	0.9519912546911407
8	20	0.9689009941319622
136	173	0.9777267588906471
50	55	0.9821735092044146
44	50	0.9716343735749537
124	249	0.9553638262472874
153	160	0.9791728426808929
35	154	0.9846308311551419
11	27	0.9671861953916523
31	99	0.9630856572393003
217	261	0.9702245050206111
17	217	0.964095085061742
78	220	0.9899873552123658
99	336	0.9658993769176127
104	136	0.9814611408138264
24	57	0.9690731668734653
136	241	0.9741281958889693
27	37	0.9806533059211265
107	131	0.991530762578284
68	117	0.9893147773535258
39	217	0.9840853241291798
79	217	0.9572925632491367
10	82	0.9876565977344514
31	154	0.9671471503290899
17	100	0.988972864748179
57	104	0.95576508940029
158	243	0.9710014919227632
62	117	0.9885857552325927
8	17	0.997976591319633
33	47	0.9952293778179699
11	99	0.9828693097838443
32	167	0.9888353577444879
61	100	0.975233481392738
28	55	0.987152684908336
107	154	0.9894468417963576
89	95	0.97967537956522
37	104	0.96205858170264
104	106	0.9884158894019683
32	77	0.9912957039847253
249	261	0.9605330377867439
11	38	0.9922181444779605
244	336	0.9692335886573775
6	46	0.9699888956106306
10	61	0.9738784276229648
55	56	0.977942648137164
39	131	0.9892364975837379
154	206	0.9798863114763146
203	221	0.955906149715068
24	63	0.9601724609951392
27	82	0.9714656724073418
49	117	0.9855805623270866
110	120	0.9588549641960024
63	160	0.9721627765238902
35	99	0.9874899792375287
17	24	0.9712621288893748
31	110	0.9882910407901037
129	158	0.960774281911721
17	163	0.9588816176336075
21	41	0.9948940825905093
42	104	0.9798200386058167
22	64	0.9716612714446122
18	21	0.9596513619776266
80	206	0.9801509937858749
217	248	0.9718777951215701
45	125	0.9731828203310329
24	100	0.9875159564059106
12	84	0.958603815114655
18	44	0.9561269752390913
65	84	0.9580820520921063
8	136	0.9825619449695613
38	44	0.990046388086781
22	66	0.9891770657795312
39	63	0.9724092758925023
26	62	0.9987776828634504
10	26	0.9773971443574943
67	244	0.9700167512127371
106	173	0.9684190388493366
10	74	0.9580802581960332
33	41	0.9939500963574469
67	249	0.9872873629494057
56	63	0.9859555791365819
99	100	0.9904236559556601
33	100	0.9977033360246395
11	131	0.9754258971208642
28	180	0.9633503275379025
136	172	0.9731514204989151
45	124	0.9530429755674771
13	17	0.9615858317568975
22	249	0.973363129271964
21	44	0.9765208222204779
104	160	0.970106498263325
28	84	0.9691638894133978
110	141	0.9629412433131179
67	79	0.9611935565690044
47	153	0.9703265796588381
44	134	0.9733442953540703
35	55	0.9813794263364994
41	82	0.9982658923394911
65	104	0.9913001202469358
70	165	0.9702191959856648
13	125	0.9674448953439958
125	154	0.9725094573799871
18	100	0.9558198803734694
31	140	0.9688599732357662
46	82	0.9556889637035371
217	221	0.9840903345786272
163	217	0.9906613145059229
22	43	0.9563493803365248
61	82	0.9842699132786914
134	167	0.9733993366375625
56	64	0.972861170109131
17	63	0.9968695160211429
136	160	0.9800283627348615
23	173	0.9697696861174281
24	154	0.989660863492544
38	134	0.9778351075868412
44	100	0.9687677355840689
7	136	0.9744483190006745
35	136	0.9879842627103822
37	110	0.9664227043392722
14	70	0.9537925993495258
28	77	0.9802844785584628
12	106	0.9532928749951131
27	43	0.9890447655851423
14	68	0.9926437150807799
10	50	0.9893306459483635
52	243	0.9788647203902683
56	249	0.9793687460137592
8	26	0.9969089636398651
8	39	0.9845059721268454
8	117	0.9798447146163762
22	336	0.953851631796035
47	77	0.9831007351881592
41	65	0.9904912501763912
60	172	0.9828041622472998
24	31	0.9750435172104648
37	140	0.9951605570387261
104	134	0.9833680982500366
7	100	0.9569521137684827
35	37	0.9686057233989123
26	42	0.9753004208034384
37	57	0.9580483599362708
37	173	0.97724659208229
52	82	0.9689147078522438
50	104	0.9891620778514714
61	65	0.9840082135732516
158	221	0.9806905172945772
7	13	0.9710258863453424
26	131	0.9574077559026353
173	193	0.9757708930131211
106	117	0.9908557256213726
22	32	0.9836308184315754
7	154	0.9778538894425366
60	180	0.9703672054819247
35	193	0.9639204697039074
45	60	0.9645524774830962
61	158	0.9650826480945662
4	56	0.9749620815764866
65	206	0.9739548223714236
11	136	0.981560030993867
39	107	0.9918479034444523
8	45	0.9864469957319506
24	153	0.9818507393567832
35	61	0.9827268608044684
10	89	0.9752502718420237
39	49	0.9687642580465771
29	78	0.9777753877609843
21	25	0.9546330296190089
136	248	0.9580339315869522
41	77	0.9762928272980047
39	65	0.9825169371735546
33	221	0.9913448509904857
47	56	0.9938142469087925
55	84	0.9906907320103026
39	61	0.9604822909401498
28	243	0.962412820610803
27	163	0.9836923532021726
29	107	0.9527959246479787
70	175	0.9745605664302195
47	129	0.9642670803485862
49	107	0.9790079623707344
21	66	0.9873993869774684
78	167	0.9601317814167913
120	167	0.9855553483099381
99	158	0.9824145220298897
136	206	0.9769543107475326
31	52	0.9843866608492045
77	117	0.9836148641925364
17	22	0.9875567052337049
11	39	0.9899722639650054
50	163	0.9628337577693029
136	217	0.9713631766820665
41	84	0.9631377160654542
104	120	0.9778177916603445
46	134	0.9555323213753978
84	104	0.9712577837312004
50	141	0.9676603431715993
13	173	0.9730211298666898
160	163	0.9564721236591234
82	163	0.9736508421137885
95	241	0.9621946900206789
31	124	0.9852283908999424
84	134	0.9643216427898135
62	107	0.9782269435648616
1	56	0.9905345622447781
35	46	0.9564327680217352
13	261	0.9728631827645178
6	107	0.9755448326592123
1	78	0.9607035935570463
78	153	0.9865545845654236
249	253	0.9645973334863063
10	60	0.967255360709286
244	248	0.9789076572174615
26	180	0.9726963803827875
10	134	0.9685306372661453
52	217	0.9901286986656074
37	221	0.9805091530638864
153	249	0.9798135327044449
42	70	0.9776582821489719
70	89	0.9666915730946741
23	47	0.9917367080758951
82	131	0.9790390110300224
42	136	0.9645395083460995
33	77	0.96494942765862
60	61	0.9960682430378947
39	206	0.9589714352669874
39	203	0.9608418140829348
63	125	0.9556501577209752
57	193	0.9577615673545334
13	78	0.9960201949663359
23	106	0.9918511099096754
82	249	0.9677045012557055
39	57	0.9825851378295307
82	136	0.9833779676747296
100	107	0.9959446635662521
33	64	0.9740692534827338
52	154	0.9888546065542232
74	241	0.9775027950930213
153	248	0.9679705335385822
31	217	0.9693820593274567
167	217	0.975293123306161
206	234	0.9667661248843266
23	82	0.9889219920104809
44	173	0.9649815054666904
203	234	0.9570910392246237
66	68	0.9872067169280325
42	65	0.9778776978365276
95	120	0.9625921357967686
66	129	0.9629711444430368
1	79	0.9909380805674206
57	217	0.9573316401235454
33	158	0.9855042344207667
13	154	0.9926606072040141
11	33	0.9957295136003441
95	167	0.9849440323097214
21	63	0.9818655129550018
7	107	0.9626915437875041
17	125	0.9651347860583075
11	70	0.9587791577413607
140	221	0.9881335784812075
69	160	0.9735452668655936
78	82	0.9625751400968041
141	163	0.9893456980715492
131	248	0.9609267538289585
248	336	0.9602353836809281
45	336	0.9718354219213449
8	35	0.9942106069361907
131	167	0.9793146592239592
99	173	0.9836334929687407
28	117	0.9755084488695313
29	67	0.9623622520478117
24	110	0.9641551443750283
41	67	0.9816272964960902
33	52	0.973504514924829
64	100	0.9685674498464973
27	104	0.9574884162808222
125	140	0.9727911234702806
4	33	0.974995361076648
35	173	0.9831926551501483
100	104	0.991484890510655
265	336	0.9525853743583674
46	62	0.9674786027242632
11	23	0.9881731130723943
74	220	0.9927166928893898
65	180	0.9600978471802974
57	141	0.9606018076086117
125	158	0.9625065065898026
66	95	0.981820098516675
47	63	0.9957080794925592
99	125	0.9684664267564689
31	248	0.9763379209664063
21	134	0.9714529277518982
60	167	0.9862107668171864
20	68	0.9863780426352144
141	206	0.9647714102474216
1	35	0.9949935481638483
38	154	0.9585671773467077
31	78	0.9787740451877094
28	64	0.9866528270998348
7	249	0.9564802524733071
129	141	0.9828098830084921
131	221	0.9806194453810322
41	42	0.9810707734810632
141	220	0.9710120996344642
49	67	0.9551272637498008
28	50	0.9943353146671303
68	221	0.971829026483509
67	104	0.9710507686559608
35	129	0.9736713959731131
21	117	0.960143123071105
45	261	0.9619150576800733
23	50	0.9857122502021386
52	80	0.9572877130598336
1	140	0.9823350558152042
50	131	0.9642397222359673
124	336	0.9660177900116858
35	39	0.9832553223316736
154	248	0.9718606498181473
79	106	0.9939791521727375
33	140	0.9899819759549469
74	206	0.9538323632497137
7	203	0.96946504864476
21	33	0.9906301395750376
95	106	0.9883407401346977
24	67	0.9940875991760549
6	60	0.9961666529039573
27	154	0.9921277428987236
60	107	0.969193961084082
26	65	0.9862965754491093
55	95	0.9906469114546812
52	120	0.985086151650969
158	249	0.9796324588111389
49	106	0.9896336197376434
49	160	0.9780914148422301
41	163	0.972693157437142
50	173	0.9870461554286947
21	158	0.9802610868638487
44	107	0.9615909308656656
117	180	0.9628447342477979
99	172	0.9619606205691333
167	206	0.9552205245726679
32	99	0.9646586579568199
46	117	0.9549712029971577
13	74	0.9926451618038139
39	56	0.9904683428835719
42	100	0.9725909186405568
27	206	0.9811532893656654
141	158	0.9780317805113938
1	106	0.9813295875660444
41	131	0.9794663962399537
8	18	0.9527789322977759
33	39	0.9913242900349583
35	60	0.981930549864104
1	27	0.9701093341028164
28	82	0.994998565721867
65	125	0.9662819971483639
32	125	0.9553686551903481
22	49	0.9813896154192749
15	206	0.9598821975793735
243	261	0.9584424214538338
41	134	0.9816172560380569
26	28	0.9937067470924993
27	136	0.9789480695364601
78	89	0.9717806110075085
14	20	0.991781341560569
7	110	0.9656374652962549
29	244	0.9865083928037797
22	56	0.9976364892410203
26	82	0.9914368654861945
62	154	0.9588380961486069
82	175	0.9548927346563834
33	193	0.9778187384083712
42	175	0.9781843626833462
104	158	0.9799366314402997
46	63	0.964759928701344
32	46	0.9697997366210482
23	55	0.9947569265683331
32	158	0.9661811757005485
80	110	0.9655642920632383
61	106	0.9919929556492595
22	57	0.9542065848375731
17	167	0.9927301519683249
67	82	0.9800274544652288
20	44	0.9852026166246219
26	55	0.9972386750498127
167	249	0.9712486702707512
1	64	0.9767358899466743
33	49	0.9869174080339355
31	265	0.9835954228945988
33	79	0.9894848491705195
158	163	0.9778912424765039
74	107	0.9716985002384435
89	175	0.9694097177384471
23	66	0.9848404952217487
50	99	0.9788598385510157
11	217	0.9724514378187614
45	203	0.9634441581560929
21	141	0.9767433167213591
31	107	0.9530443568647152
13	160	0.9558384151902759
22	39	0.9885757480114828
24	50	0.9678942839186445
65	249	0.966254915732424
28	249	0.9651425426773252
41	153	0.9712301269995165
21	249	0.9727844150220254
63	134	0.9784250484721007
1	206	0.951979557484404
37	136	0.9622945852386146
95	107	0.9721164370416122
61	107	0.9703184567912849
60	104	0.9905429850690478
253	261	0.9860846946422761
13	167	0.9717613087681896
24	45	0.9928406663224152
68	82	0.986491142913667
63	65	0.9899172392887603
28	95	0.9870046154432766
14	17	0.9828277248587889
41	120	0.9858179543136351
129	173	0.9648677570340123
24	35	0.9818079171721664
104	141	0.9678241692714292
24	249	0.9824656362742779
42	89	0.9845683587890333
39	50	0.9693769957424312
49	173	0.9786786155370887
23	107	0.9712420060201462
14	104	0.979939434305758
17	25	0.9593394284898928
20	95	0.9747110388094933
10	104	0.9860942520672038
21	241	0.9861412097425717
32	106	0.9963339647598178
173	217	0.9790121808333468
67	217	0.9923534440030166
193	241	0.9802303679248928
4	134	0.9725289607444196
10	22	0.9795554628242289
163	167	0.9722585454684747
47	243	0.9647490200866486
37	153	0.9837818960711908
27	129	0.9923621578448569
21	43	0.955275899350662
20	50	0.9592658653567236
62	160	0.9657024116979587
35	50	0.9889673740495453
10	52	0.9743351033284178
35	66	0.989382591152391
234	249	0.96180382629438
24	28	0.975921499839058
17	131	0.963482364948242
20	66	0.957874508783198
66	243	0.9696426696308766
136	153	0.9796088959719351
49	100	0.9832528369737223
1	8	0.9940490870112257
31	89	0.965376783178278
173	249	0.9841611082134223
23	62	0.9958796531425287
17	45	0.9789841927747547
10	65	0.995540440492058
129	140	0.9834853596584834
47	125	0.9674902075757941
125	217	0.9609957168992258
131	241	0.9878162397927726
47	193	0.9628490855664503
14	65	0.9676509818112895
39	55	0.9601827269569836
61	89	0.9593678733308884
22	79	0.9866564922051302
25	79	0.9598301641021912
120	241	0.9896580563148341
110	253	0.9560591057077725
44	64	0.9928002304676063
28	158	0.9797161793150031
42	140	0.9626767771119409
42	63	0.9740554991237265
23	32	0.9948077032179832
99	107	0.9928609854392564
43	241	0.9763543115088781
17	68	0.995114331714513
45	153	0.9790653688527522
134	221	0.974855072704139
37	193	0.9883210199724648
124	261	0.9722736184152208
35	43	0.9551577980466592
33	129	0.9740185621238486
24	107	0.990712890520723
6	8	0.994635217120428
57	131	0.9566636317202195
56	140	0.9881578454823827
23	38	0.9946710246748557
41	47	0.9965548127872255
52	107	0.9817803931367513
7	99	0.9787677593188258
82	158	0.9824638223594422
41	141	0.9771618933671604
38	68	0.9977046728845811
61	84	0.9875219241556755
39	173	0.9844098332646226
61	63	0.9965778031669944
21	154	0.9725886055726594
17	129	0.9609289588602044
6	22	0.979032963097979
4	66	0.9823880379322607
124	253	0.9624346962760919
62	84	0.9846484393191023
7	31	0.9540123881208512
43	234	0.9578409199539046
41	55	0.9848405524251154
47	241	0.9787476194455422
26	38	0.9978296637992923
129	265	0.952651650790874
193	243	0.9607503126200231
89	173	0.9786657455727452
21	172	0.9668318856790776
33	336	0.9543314865817802
29	110	0.9666439725164341
56	158	0.9850204109172623
67	193	0.9890981528866065
12	32	0.9597380319706941
27	241	0.9792169611622681
14	95	0.988299411494717
50	61	0.9897330706701977
64	180	0.9751090484958373
45	131	0.9942342429503529
21	56	0.9974043175341065
60	100	0.9748476896503493
69	129	0.9689578632889018
13	29	0.974751970138543
33	249	0.9790762251733405
141	241	0.9833056498728088
28	32	0.9919132278035682
124	163	0.9723096761572827
47	66	0.9961169218859154
129	203	0.9753380700673013
1	99	0.9818206060721872
17	61	0.992769052821587
6	167	0.9881748243966348
63	107	0.9814678248936506
41	78	0.9623491031896636
24	125	0.9673648160290196
26	54	0.9648420991882487
38	64	0.9959976194926553
20	23	0.9816903119438959
13	249	0.9794091189118903
29	69	0.9624484408816234
25	32	0.9542854118241892
56	89	0.9864759620017718
67	154	0.9892641099663881
163	203	0.9859176767357861
80	249	0.952988564827079
41	79	0.9932642600468333
70	180	0.9549082205554222
49	64	0.9916682339820009
6	63	0.9975224131790952
79	160	0.9641304263390446
24	124	0.9774158178834753
42	82	0.9780452444266112
253	336	0.9756717031032602
27	234	0.9581409762808468
28	67	0.9731019952681108
39	68	0.9651888773993429
68	241	0.9569756291248227
10	163	0.9811810801126657
21	35	0.9843798129785928
160	221	0.9640046905295522
38	82	0.9896461222804434
167	241	0.983762563887143
42	154	0.9611292668972393
52	131	0.9888534375205504
35	69	0.9557187729896907
24	89	0.9888596246955119
47	60	0.9913564683413101
4	55	0.9988969514804446
17	117	0.9801812710371633
8	61	0.9912283272162312
141	243	0.9844618758407475
26	64	0.9950947933935803
26	35	0.9879543643189718
41	217	0.9747122287640809
55	120	0.9525006686330284
78	261	0.9847954045480485
35	160	0.9745099877566884
99	253	0.9573438401926487
21	74	0.9584533403745463
45	78	0.9827331871629519
60	117	0.990233915484914
33	203	0.9523836530975214
50	160	0.9784029740649454
33	89	0.9849396017246155
61	167	0.9861958630637122
41	89	0.9919191761616787
35	41	0.9936905614401356
4	65	0.9781866523178278
12	70	0.9770381807373085
12	134	0.9643565097473683
25	56	0.9524291945670095
99	120	0.9870019527358063
243	244	0.9571721753126876
22	52	0.9661647385325041
43	158	0.9621982926877581
7	80	0.9904680113881927
46	172	0.9537426380270533
60	106	0.997429086473625
18	70	0.9700200073274856
43	129	0.9798244390335554
82	221	0.991363128100049
17	46	0.9651948229914313
22	163	0.9774459694659923
8	68	0.99286281191306
56	78	0.9695960457793968
100	172	0.9713094406781297
11	45	0.9871667090481263
43	206	0.9646024601753065
163	248	0.9719154314969625
61	120	0.9537000846534114
79	100	0.9857718858409479
44	79	0.9924394433321264
78	131	0.990427429893118
134	173	0.9668533841504308
38	39	0.9691465838688882
141	248	0.9722410970621944
26	67	0.9592276713213064
44	117	0.980023441520897
50	107	0.9849901131725218
39	110	0.9686251300073914
1	23	0.9871906008674067
49	99	0.9700635313471422
173	241	0.9796808272558859
1	131	0.9740135133014198
1	61	0.9789871039328627
29	248	0.9770649576867058
8	221	0.9878333817240637
6	38	0.997988723281829
13	253	0.9773080397197623
21	22	0.997688293446152
82	172	0.979654267364388
28	66	0.9952983697361093
50	79	0.9889563878517066
43	45	0.9754687847897693
38	125	0.9563423427362345
7	78	0.9663111693413615
50	221	0.978811059176522
38	47	0.9950645677289842
167	221	0.9880591174284961
67	253	0.9779426165913347
27	173	0.9641906545037853
38	65	0.9875236212106759
35	221	0.9889757403994158
18	42	0.9684827190958694
52	125	0.9611926371032589
11	46	0.9583980248951811
241	261	0.9526172370269875
62	241	0.9650691450700222
26	68	0.9974295185907827
43	261	0.9844467286405931
79	141	0.9604544060227762
68	79	0.995943814181228
154	220	0.9734139516403291
131	141	0.9862518622813774
55	89	0.9614588827655814
56	67	0.988365438534696
4	42	0.9653471654952419
8	104	0.99726495952954
89	221	0.9888493893198529
1	22	0.9900691655979434
7	217	0.9663224534362478
60	99	0.9541466208039004
58	135	0.9800376648583309
8	141	0.9718056183209
43	125	0.954646296168173
35	78	0.961279443999141
107	125	0.9727806386183744
124	265	0.9601496947930552
8	57	0.9532119881383665
47	106	0.9882547827790926
110	265	0.9693299485797602
241	249	0.9758796895072743
22	241	0.9858495496364985
18	24	0.9584732257027644
32	134	0.9844632469217414
140	193	0.9893149848333136
31	261	0.9734171272793775
18	39	0.9711476442874875
41	117	0.9675551554607689
54	61	0.9559774190102519
4	60	0.9982477374380215
163	336	0.9772545265606032
8	131	0.9732957556245267
1	38	0.985944783877909
153	173	0.9772853432303172
1	21	0.9907223376174068
28	172	0.9848618032918162
21	32	0.9834920281398756
32	65	0.9860103829102267
28	160	0.9742631694546889
56	107	0.9944126645254108
3	35	0.9580895210878828
21	49	0.9770859642736786
52	244	0.986851876037027
24	104	0.9709977178504947
33	131	0.985077796605254
24	134	0.95623452153033
52	203	0.9902444508037098
62	141	0.9541134538695878
74	125	0.9532771436567123
49	55	0.9930554620033247
65	154	0.9829402901335935
153	253	0.9559481052532706
8	95	0.990351667072026
1	104	0.989001620986959
18	33	0.9572841572588554
45	61	0.9610997161690955
33	134	0.9750876118672047
23	167	0.9844688044950725
120	154	0.9857957590066788
244	261	0.977988862769487
44	62	0.9912654062846645
136	163	0.9729957008442438
42	99	0.9665708538315924
18	41	0.9632161501766987
27	220	0.9790191992357553
66	79	0.9916321155600601
77	167	0.9721294422354869
20	54	0.9586312336870786
29	52	0.9781306069161642
125	153	0.9688104810811187
28	163	0.9688174859617866
64	79	0.9944055015509701
46	180	0.9736755319884831
39	99	0.9875437191587011
20	63	0.9794651603009462
26	153	0.9542073528100172
21	62	0.9834316145859696
7	10	0.9779886027936278
38	120	0.9626695354648664
41	241	0.9862436255799552
24	78	0.9900007206932881
74	243	0.9647480126808665
74	78	0.9971881007690861
52	167	0.9627280502808832
217	249	0.9836350794122393
39	70	0.9634627907648795
13	140	0.9959581408191164
78	217	0.9896903683726737
89	217	0.9788661264646636
44	77	0.9933066599312097
27	57	0.9625149300657787
66	158	0.9868618019606521
22	217	0.9753542465229661
141	167	0.975218043892838
17	67	0.9665207614496396
4	11	0.9849600371903872
45	243	0.9782902937104029
7	248	0.9788732637495459
56	193	0.9775094852734757
41	167	0.9936607010723768
37	141	0.9884794770616314
22	55	0.9780849560518456
29	131	0.9549161892513138
21	82	0.9930410197421812
37	206	0.9544002627305697
33	120	0.989787936972299
1	125	0.973587198516705
154	173	0.9740357715988391
8	173	0.9895530339939882
56	160	0.9616450835220385
110	163	0.9725121113701471
32	84	0.9864642757717211
4	180	0.974396353393091
62	64	0.9957921168926978
41	180	0.9599484808206745
95	175	0.961208507963935
203	243	0.9660515900949107
1	167	0.9899926102748169
8	120	0.981468412621205
38	56	0.9836395812093761
67	99	0.9898633139627974
45	172	0.9581459716144554
11	55	0.9868366173221437
39	261	0.9531709567688339
37	78	0.9958449699419627
39	172	0.9551113146964698
37	100	0.9848872859765658
43	141	0.9858176469815277
39	66	0.9810293453274215
45	99	0.9866912383788029
38	106	0.9944668039031586
39	221	0.9896129556814193
107	124	0.9543455965778045
61	64	0.9964654307679691
68	95	0.9911471810380628
56	82	0.9942439803611278
1	249	0.9574742057711425
39	249	0.9755454106084056
43	217	0.9865756058954709
54	180	0.9714463505286435
32	95	0.9945679933064745
131	140	0.99426589582395
24	203	0.97896968812034
63	120	0.9671226338065244
60	65	0.9790835811025743
13	99	0.9933485924998918
154	221	0.984765496485861
80	248	0.9641885589854668
14	42	0.9720853143649927
79	140	0.9669493287325293
217	243	0.9821287693342111
131	153	0.9837610867702167
39	125	0.9682619068647021
22	106	0.9790347082640899
82	117	0.9686566470994837
14	61	0.9897282102995938
20	64	0.9933799353681145
7	24	0.9636531576839595
31	141	0.9701230542687451
52	220	0.988610405284302
14	21	0.9597856124774797
35	47	0.995458188591779
47	65	0.9946526761532968
29	249	0.9581296472995281
220	261	0.9775251922823248
17	20	0.9735624831824736
64	84	0.9934182846248387
10	39	0.9834518970637857
11	21	0.9913343970590249
106	134	0.972926809044162
6	66	0.9892018618753562
74	163	0.9881701648791303
79	241	0.9699969122584146
65	95	0.9817010976741143
65	106	0.973687220453205
28	49	0.9934289928736102
99	140	0.9945288931374558
74	193	0.9830417381180813
52	100	0.9778560868646075
6	41	0.9890168393290296
74	140	0.9872065495245576
45	253	0.9663843029830986
106	158	0.9578560870594535
140	336	0.9744247439737654
18	45	0.9608403451212413
22	67	0.986016460631472
22	44	0.9741737247821538
27	253	0.9580438382409424
11	13	0.9718455847485736
50	193	0.9536730562408107
32	61	0.9944338240901052
45	52	0.9841373300163891
37	131	0.9949902490653835
23	49	0.9943977700864881
27	261	0.9550359191394777
32	47	0.9946738088795843
49	62	0.9969888871362755
158	203	0.9551454982636283
38	140	0.9598191425427373
203	206	0.9601823612430949
22	154	0.9772002865792861
27	80	0.9705490276118264
50	60	0.9833568389679979
84	106	0.9890920598503385
217	244	0.9728015143290403
45	67	0.9948624948825207
46	60	0.9693248167488512
163	220	0.9796883732096927
11	173	0.9866944961908339
35	163	0.9720016063823473
45	173	0.9900049473335131
107	243	0.9774281505834197
45	49	0.9684752637613245
35	95	0.9829971174032248
100	243	0.9723393959462021
55	221	0.967214131429759
49	79	0.9950028377030969
54	62	0.9592703500974743
14	54	0.9803512297786106
89	167	0.9819447195530713
11	153	0.9745974639780186
79	107	0.9815190057122017
89	141	0.9800494313950806
11	78	0.9580340046895603
8	37	0.9669062674102646
10	57	0.9551850012624032
43	80	0.9593349878408384
38	173	0.9782597151014425
106	221	0.9659674033649671
33	243	0.9683908420993179
31	74	0.984362614681983
99	206	0.9785155869757083
18	35	0.9544578014370326
74	248	0.9720480318013711
63	153	0.9595485511406308
50	68	0.9873996702111024
99	131	0.9855651318261149
64	65	0.9769297264854517
78	203	0.9911906582845067
44	68	0.9904208012576026
20	61	0.9855076490015446
167	193	0.9715920842825798
11	52	0.9625489364544234
8	243	0.962735617687127
29	220	0.9747243660073734
100	206	0.9642775897318909
24	82	0.984611026211379
160	234	0.9639445083870825
47	67	0.9744187311614392
203	249	0.9718116831429211
27	141	0.9854311845506623
69	248	0.9565633511498044
49	221	0.9771867032650584
65	69	0.9649674900625917
4	20	0.9933137397607287
241	336	0.9679708254899351
104	131	0.968759651297834
24	173	0.9813499329397344
27	203	0.9826863115957085
120	220	0.9674016861646345
29	99	0.9714119245592086
41	49	0.9872571813711218
120	206	0.9575420906011355
24	163	0.9908340522363952
57	67	0.9641529755448885
52	66	0.9600195985660442
44	61	0.9892521376092414
65	117	0.9656913014601187
1	134	0.9733372965435471
1	67	0.9771805336055486
12	64	0.9535609528707363
26	167	0.9916202733815709
41	70	0.9574742027111991
63	104	0.9951367776602587
8	22	0.9937579261815587
8	42	0.9759747262058891
42	60	0.9674282115587796
55	117	0.9909356004949321
14	55	0.993131138006363
244	249	0.9592662081728365
13	248	0.9779988930434229
22	27	0.9606680017601823
28	47	0.9982816800517371
78	163	0.9941218857773209
28	173	0.9884438085247654
24	66	0.9769308588570906
55	134	0.9742175293285427
1	163	0.9688206070713746
17	172	0.9867308197627822
21	67	0.9856102138548526
4	28	0.9866704310551966
89	165	0.9521155035862068
13	89	0.9832076940928376
65	78	0.9595622385833069
68	84	0.98765108954249
33	117	0.9629936477838474
25	47	0.9599854655949642
52	110	0.9751765552241354
154	261	0.9581446368219884
78	80	0.9561452638319765
47	62	0.9960598979709268
11	141	0.9730377642785848
52	261	0.9787491506935646
99	241	0.9863010581191247
55	66	0.9828825230232201
8	25	0.9582339842663903
60	62	0.997212914228909
33	45	0.9913832979559023
89	220	0.956299168030083
67	203	0.9792910031080837
10	15	0.95229766359924
47	131	0.972000869204871
52	173	0.9682482472777959
140	163	0.9941685613821609
35	84	0.95963850721218
6	65	0.989304765121977
22	125	0.973610882313636
44	136	0.9541446453107318
61	66	0.9878295691007158
7	124	0.9694611027960367
95	221	0.9767065225064795
49	95	0.9867794548676412
14	50	0.9669554855510547
78	221	0.9719132063096041
22	136	0.9708532886720078
125	131	0.9655573641845202
10	131	0.9774335212586951
29	154	0.973009108594298
26	172	0.9850735544873044
80	99	0.9692983158449379
26	56	0.9885560797162047
1	66	0.9851281256463058
124	243	0.9649526826920245
24	27	0.9890399180788231
45	64	0.9542697184162938
7	29	0.9861383352501303
89	193	0.9777701437414303
31	203	0.9777662382424404
33	173	0.9931356745788292
163	253	0.9739970986801474
41	45	0.9915140730294598
32	117	0.9868170240402094
49	141	0.9543514963060742
33	82	0.9946409756470818
18	25	0.9768378975993575
125	221	0.9689387259509312
47	79	0.9975202601692199
13	124	0.9807558195145358
57	221	0.9693704447027116
28	206	0.9612873780208511
33	153	0.9844982923374415
31	244	0.9804368373824623
27	153	0.9877190588330274
38	77	0.9907010263156879
68	158	0.9638389623616271
74	336	0.9853757947847546
131	154	0.9824519437195844
43	107	0.9745917586091883
52	206	0.9669516228366258
38	84	0.9835712700509723
14	44	0.9906814056214224
70	134	0.9692723404376768
78	99	0.9855918377808726
32	107	0.9758250701204505
22	153	0.9731927497493115
8	33	0.9947976007142099
52	193	0.9814236630420738
20	82	0.9577476953443711
17	134	0.9811731476635283
7	206	0.9875549702723174
29	206	0.9694771899948295
125	167	0.9686238445142035
100	217	0.9844672146753356
28	107	0.9896864909246806
37	261	0.9814925787648281
243	253	0.9544441784106735
4	136	0.9629049549524078
62	136	0.9748984524553603
80	160	0.9650311075929517
220	336	0.9774823639904129
60	136	0.9627067373440931
42	62	0.9731606088305191
66	104	0.993885897976978
52	78	0.9966295959456779
55	167	0.9836739202422997
29	141	0.9691700253876085
56	173	0.9939726893304526
33	60	0.979131233811836
45	57	0.9645542328222605
79	120	0.9686169262859897
10	41	0.9851913435149411
7	141	0.9668354996004096
11	63	0.9929414266163503
129	153	0.9826293391155476
39	74	0.9756202464433601
31	253	0.9683063581342071
39	124	0.9569889161614711
35	131	0.9709838231668524
32	82	0.9908172786732301
56	95	0.9814121707459864
10	33	0.9947643600201961
11	163	0.9698969364151463
65	134	0.9752028016552889
158	217	0.9774053250409813
11	180	0.9649074547371084
32	50	0.984920502724518
42	172	0.95765386210708
23	25	0.9528969508810303
45	193	0.9844390105496474
60	89	0.9634553948929693
129	131	0.9732411252638785
23	120	0.9558280092018688
35	56	0.9883865035383863
19	20	0.9558493631285244
35	68	0.9845143730828679
21	52	0.9670941575696117
100	193	0.9784387485675211
56	221	0.9881891778147609
22	38	0.9833164072478253
35	206	0.9663876118999715
33	217	0.982457875663957
95	154	0.9554150245415776
28	89	0.9792656505162308
44	89	0.9638298913958134
49	172	0.9879451261676441
221	336	0.95891796415815
67	153	0.9864355759780228
39	153	0.9800424200867146
63	136	0.9783893993520811
45	134	0.9644242559021843
37	163	0.9943127895110859
