1082	1090	0.9717459903323278
748	1082	0.976001491452701
440	837	0.9749438007856882
729	745	0.9785070615026844
778	872	0.9424775790963233
86	606	0.9419078949179283
681	805	0.9564570855170538
760	850	0.9545516560377969
802	891	0.960520741932232
885	955	0.9464642982720568
660	913	0.9642526114252821
86	333	0.9529851199402799
230	929	0.9643650563204536
634	748	0.9564651948569007
333	891	0.9542103374442052
802	837	0.967149365585274
827	913	0.9639957161712135
101	857	0.9813921770616123
857	1006	0.9762118096815984
1082	1113	0.9430172594349409
818	837	0.9633835110692737
559	796	0.9542401196627603
745	977	0.9601859615151048
101	837	0.9740270958338778
382	1006	0.9748455418728796
818	879	0.971298081043737
381	900	0.9708976369766423
837	955	0.9426731622478939
692	983	0.9874250812540148
705	944	0.9466390219290965
760	860	0.94947154523196
692	913	0.9558980637365793
929	1006	0.948593281643291
625	944	0.9751710291877094
324	872	0.9494289215573686
919	977	0.9603491168000489
736	983	0.9671127403329088
382	932	0.988277970116434
802	950	0.9424580096694739
805	827	0.9471728841681224
514	646	0.9657952017632512
760	913	0.9589818159307537
323	513	0.9628766935861259
745	752	0.9864447987619669
738	802	0.983898244738407
324	778	0.981367540977168
440	913	0.9617833930860163
736	975	0.9740005095913533
441	919	0.9651482159462753
760	911	0.9796898176514034
333	634	0.9655451030871551
772	929	0.9611441534917198
660	859	0.9764965518818437
634	932	0.957400256601473
818	859	0.95030615741286
230	879	0.9711425908120668
736	977	0.9718600663395054
505	748	0.954398824778458
382	856	0.948304555775733
166	493	0.9682466525340929
860	975	0.9621119596831482
872	927	0.9866482633887597
324	705	0.9672166398428612
818	913	0.9470525191392685
879	927	0.9658963293909355
827	860	0.9619353678087763
748	859	0.9792025312824539
333	955	0.9497963260741298
729	778	0.9819134624115139
802	977	0.9812411029784014
852	1017	0.9577085915290251
752	950	0.9610919865711216
230	919	0.9575408498191736
745	879	0.9558982289996794
166	955	0.9824027905879411
559	959	0.9563100734145764
766	802	0.9751973892975678
852	872	0.9451990229352867
440	950	0.9648904548493582
951	1036	0.9827223714081876
333	860	0.9804366760267983
101	879	0.9608883873285734
772	950	0.942669454126091
513	859	0.9572759480198794
738	929	0.9820578486542388
323	736	0.9545322802480054
705	879	0.9789080079754855
324	951	0.9834045993241671
932	1036	0.9591228826899431
837	929	0.9700046372990467
230	772	0.9533782165185796
752	951	0.9546756211123808
852	900	0.9529592829677505
859	932	0.9812100926348103
230	975	0.9780468035305037
166	1033	0.9829211213262503
646	818	0.9627697629872077
230	950	0.9818354786067559
513	860	0.9561602595367025
166	381	0.947489186569073
705	932	0.9573949348431064
323	983	0.9601823171378328
818	1017	0.9535187825992899
859	891	0.9624302242161786
745	913	0.9419055516671795
230	752	0.9545566591569499
944	1017	0.9509575983108738
705	913	0.9563004042135235
913	950	0.976777117190515
852	913	0.9799933425153448
748	913	0.9854611385932537
705	818	0.9722642336893388
634	825	0.9430155224107162
514	748	0.9604995784595676
766	879	0.9727104346278501
837	950	0.9788087982858831
324	879	0.9753961611198935
748	791	0.9723363024335097
606	879	0.969361760071142
860	1049	0.9683154928682316
772	914	0.9653545157281387
625	805	0.956590871202466
669	975	0.9665094137559833
660	729	0.9619478406661119
333	951	0.9774335253791175
805	977	0.976618535066744
101	1090	0.9533549144257016
333	705	0.9545463249342998
324	932	0.9646195091583458
505	944	0.975398029451235
660	738	0.9530055874878973
729	944	0.9714391641283748
914	919	0.9675725742620629
705	860	0.974700261915683
827	1131	0.9758435618268623
857	919	0.9607012100251822
333	772	0.9627027733184805
927	951	0.9644235277265062
333	1049	0.9565836289895744
101	802	0.9682823723306075
913	951	0.9809687812986196
441	975	0.9507527181796045
646	827	0.9628465951363825
381	1036	0.953900684990788
440	879	0.979342142360085
825	891	0.9859001960743887
323	827	0.9509922400477878
919	929	0.9786816843551415
101	929	0.9587434236062473
919	983	0.9905547799253955
493	1131	0.9479421010193949
333	752	0.9450502647414878
440	932	0.974297291710889
951	1033	0.9558315841506113
440	859	0.9789611064342847
872	879	0.9632628711719757
681	879	0.9531466784709697
333	606	0.9633214585471777
752	825	0.9900978760812694
891	932	0.9904141004754072
660	748	0.957222074694683
646	660	0.9848949254024593
606	772	0.9585671938698133
323	872	0.9491944676089822
729	977	0.9718727806217604
324	440	0.947715827204632
705	760	0.9546723692084433
440	766	0.991388344230899
772	944	0.9538297350586777
440	736	0.9708167383330569
86	646	0.9652086962648385
559	1049	0.9816318718396224
440	796	0.9469035860833264
729	818	0.9623722658749729
440	919	0.9762321169260951
513	983	0.9574525979352573
879	911	0.9645504624798276
705	872	0.9500313044657561
745	825	0.9783873033661699
729	1033	0.9454255294623022
796	914	0.9535163217325333
802	872	0.9842202984872649
606	914	0.9583011416088827
166	513	0.9792004381575398
766	929	0.9857168238602257
230	705	0.9639092307769676
669	837	0.955361657874048
505	827	0.9537631191660334
230	729	0.9852759033175664
324	736	0.9818039969770564
951	1131	0.9592957195635875
324	745	0.9651037348075727
818	911	0.972151303773138
606	929	0.9531175514280574
513	748	0.9433691609353932
225	959	0.952134025606189
900	944	0.9587005864809004
805	1006	0.9612625273418802
323	796	0.947359123756927
493	514	0.9518735509948415
852	859	0.9676500219138632
736	944	0.9710061900014134
872	913	0.9510946158208415
382	825	0.9910226049197717
606	911	0.9851702915928612
778	805	0.9609156204696616
919	932	0.9580847199916163
959	1090	0.9624876403251987
752	879	0.9605518848894911
101	381	0.9542055474780327
745	1006	0.9892582047230828
86	818	0.944662411053171
705	977	0.9585806809688757
324	381	0.9689225872528938
852	914	0.9434985888137026
333	1017	0.9503458006408341
230	885	0.96597572053772
796	850	0.9774322761124956
441	513	0.9664738145672837
802	932	0.9803847282263403
382	977	0.976828875670063
333	505	0.9431429023891638
660	975	0.9616050360362878
766	860	0.9466759516231495
929	932	0.9781788589256142
911	914	0.9463972890091195
86	440	0.9593841337779134
857	929	0.9747717389658395
825	1036	0.9459959650643086
913	977	0.9585334105717246
745	1090	0.9541552913615927
729	959	0.9612806280516355
166	606	0.9839107515932852
827	1036	0.9631133030583404
589	1090	0.9442470875533827
333	927	0.9447659919229869
778	900	0.9635560749473706
705	975	0.9488416465558793
606	944	0.9635008008288515
827	950	0.9490506976252744
975	1090	0.9459218888250289
791	885	0.9904021276143116
514	796	0.9468158145892103
625	1033	0.9794176016631153
738	766	0.9633566098499401
859	975	0.9887208668761731
802	857	0.9840334940809621
323	818	0.954295406215385
323	977	0.9541841193801905
872	919	0.9617295941749644
748	778	0.975553451815811
825	932	0.9935393405562659
837	932	0.9806069297057259
166	913	0.9868719650975633
911	955	0.9579141997829198
230	324	0.9689881891851442
101	951	0.9705317153760097
827	1090	0.9536202412359257
738	872	0.9783968476679534
646	778	0.9634802378601134
860	872	0.9610274079179094
748	975	0.959588127695816
166	1082	0.975572317907632
791	1090	0.9461196375069575
852	1090	0.9502444387269833
852	1036	0.9664602817785855
748	1006	0.9584444623235152
625	736	0.9620662661901562
736	950	0.9836091867497827
705	955	0.9563752903164631
513	760	0.9862510053223015
825	927	0.9952608432446082
900	1033	0.9678755516230415
559	951	0.9581940208667957
796	1017	0.9736202619710486
514	1131	0.9473304224062896
736	805	0.9855714235834803
333	1090	0.9629549309192793
738	914	0.9423669352681872
818	1033	0.9614477082185393
324	860	0.9867621877590274
230	837	0.9747381285302054
805	914	0.9425593693960811
1036	1082	0.96439574416963
766	859	0.9699896165363997
230	1036	0.982602205536814
681	802	0.9482040367326474
606	791	0.9431241837747726
857	927	0.9870250951419732
748	944	0.981397482600231
859	977	0.9706042657474072
805	885	0.9456983094033984
166	879	0.9579729563334122
859	950	0.9872454576208023
166	1090	0.9736981794956132
646	772	0.9839362884866163
805	1036	0.972376254279357
729	802	0.9522009892430052
634	944	0.9593498481114179
381	745	0.9522880546681995
606	951	0.973833444877378
860	911	0.9652923047512739
493	1033	0.983666757713814
729	1082	0.9580736683284716
440	929	0.9877222212793344
514	559	0.9594439578344116
748	983	0.949516580629862
514	660	0.954124244176684
681	929	0.9502507274350894
381	729	0.9678470187595698
827	955	0.9666412095578443
818	1090	0.9708891382540752
505	778	0.9474527338501464
859	929	0.9715594928516142
729	796	0.9427866311806476
333	514	0.957066243415801
513	913	0.9543915595793184
333	681	0.946521382714391
646	837	0.9734827452533135
852	1033	0.965093860180238
860	913	0.973917631744479
559	944	0.9721884513612598
736	913	0.9676442781026889
860	950	0.99077258081149
805	932	0.9769062649748206
440	983	0.9812943144139352
929	951	0.961386581266531
856	857	0.9616606718333708
860	1017	0.9712789410455649
323	879	0.9604673771386607
791	1036	0.9521566731232789
493	944	0.9460909611937199
634	913	0.954952636718879
1017	1033	0.9886519840198933
729	1090	0.9769583065417389
440	738	0.9677760929552152
837	983	0.9544512724193955
230	660	0.9759280646079576
766	983	0.9706475046475629
634	983	0.9611305292702472
606	660	0.9865361127621272
860	932	0.9678650432954731
660	860	0.9711512957846107
778	944	0.971512888229344
323	660	0.9701058755880225
606	850	0.9510045328244731
927	932	0.9917229176802187
911	1033	0.9641436053463592
646	850	0.9436679152468381
440	914	0.9736203159831349
736	927	0.9776668478633851
778	927	0.9438539489809916
1033	1131	0.9576835508221413
850	911	0.9452050609407932
166	837	0.9564058202079466
323	950	0.9605597196036673
796	859	0.9586664179652584
900	950	0.9498562158444948
748	766	0.9486254192971264
891	975	0.9777987267193646
860	951	0.9927920434548023
382	692	0.970467522981195
1049	1090	0.9715746298964496
333	381	0.9446127953101836
772	852	0.9579948433211529
440	802	0.9696457836009698
646	860	0.9714578115575485
559	1131	0.9434616699066645
929	944	0.9425315454441893
559	778	0.9662326983511207
513	778	0.954723663371928
748	932	0.9545156313736853
333	559	0.9639517232964315
101	891	0.9898184132140841
827	845	0.9508336661874028
382	646	0.9483624371566435
333	879	0.9593918139943436
975	983	0.9728965220372789
752	872	0.9861289087318842
919	951	0.9490220309971358
911	950	0.9508995747141238
166	914	0.9456004326602832
745	950	0.9738748233833394
852	944	0.9793224687939368
891	1006	0.9896327201963981
736	891	0.9776912389825776
440	760	0.9691808208487356
818	1082	0.950589715009361
859	944	0.9843702949132052
692	872	0.9737040327258724
230	634	0.9629131738785877
382	669	0.9665429845376561
1033	1090	0.9614452285885939
441	859	0.9565814811536395
913	1036	0.9751735989496203
440	927	0.9546313786131394
748	955	0.9550505135798514
493	505	0.9728808643073152
857	975	0.9810688821006338
382	738	0.9830393140472079
646	748	0.9682922521761314
752	856	0.9633789841645881
230	1017	0.9533404769078063
634	857	0.9422104740080601
827	879	0.9473075760353742
646	977	0.9664625447797095
166	748	0.9793570850158967
625	850	0.9494979270399291
230	913	0.9871409438406243
514	913	0.9616071380245744
230	738	0.9534835471968457
646	805	0.9746435697264786
589	872	0.9615346085824695
381	950	0.9683025035066739
885	907	0.9675813709989444
959	1036	0.9430079759308256
646	913	0.9678471264994134
440	852	0.9607352246469185
101	913	0.9490060676439727
681	859	0.9422740635033597
230	760	0.9608107415844516
559	859	0.9605675647144247
166	1036	0.9790178061885136
760	827	0.9801150255669446
625	959	0.9481741811557645
802	927	0.9676041733174213
669	891	0.9854633238221719
681	772	0.9626230201794137
381	1090	0.9681178128564636
669	872	0.9662570035299114
879	891	0.9691253167498419
324	927	0.9609182979424995
955	1131	0.9618513261581145
646	927	0.9452717472258971
333	975	0.958673795422537
381	1006	0.954434180616029
559	748	0.9833244953578288
738	932	0.9751954897177957
729	900	0.9481860189973639
796	852	0.957561106606684
101	1006	0.994004149270765
493	1017	0.9767592347047108
748	760	0.9489046665680689
493	748	0.9553123712647271
796	944	0.9474126621705936
1033	1113	0.944363044998662
441	692	0.9575700353842689
827	944	0.9538322628108837
748	891	0.945660731511554
805	911	0.9607568864227521
879	983	0.9563013907683607
914	975	0.9439183125761925
631	904	0.9572874244984937
230	932	0.9768957238305809
766	913	0.9491662327595021
860	977	0.9629571385089181
748	879	0.955718267983001
791	900	0.970951365132241
859	914	0.9576257592493043
805	825	0.9632302660144474
333	805	0.9740394504039775
333	766	0.9637381394597313
634	778	0.9475650023488325
1006	1090	0.9538876283199107
493	827	0.9645756061327503
606	766	0.9663667900399726
166	324	0.9638203328895432
625	646	0.9718142732949748
778	859	0.9749543139431336
748	852	0.9795327276313137
660	802	0.9440910680502372
333	1033	0.9450555750048681
333	852	0.9685495331914094
705	927	0.9548479908566487
805	975	0.9738344176714202
805	913	0.9677113431811837
669	857	0.9587388039768683
760	796	0.981859023995812
660	1131	0.9764372393913145
505	955	0.9596167175246272
589	837	0.957550681051548
669	859	0.9429798444407849
625	1131	0.958424424389441
856	872	0.9519863259009226
791	907	0.9569454429198092
589	745	0.9832402989806152
760	766	0.95671364166305
324	859	0.963119901137511
660	796	0.9733863899527656
324	1033	0.942938996697753
514	859	0.9607127163012538
606	646	0.9758700009539889
1036	1090	0.976932215498036
634	729	0.9551287462652256
646	932	0.9653182183613275
805	879	0.9859297923634509
660	977	0.9659362926422295
879	977	0.9828322666320359
825	856	0.9684706009314497
513	944	0.9453652980053611
166	736	0.9677607271219439
514	1049	0.9488924646330625
805	891	0.9741066731337615
950	977	0.9662144349207977
860	944	0.9728958648723474
859	911	0.95151709624086
323	919	0.9467151035974832
230	805	0.9820789745285832
381	1082	0.9645371346445596
857	872	0.9911803420991442
323	705	0.9517526643749562
791	1049	0.9800713531153697
589	669	0.9864593931794152
230	907	0.9535643955551159
1006	1036	0.9600783650739011
493	845	0.9481896100836796
493	760	0.943871533986536
166	791	0.9699684795099067
646	736	0.9668534844974989
381	748	0.9657917724062364
852	977	0.9454977467068807
101	825	0.98975660210693
778	885	0.9483167222382196
818	955	0.9478138864442114
381	944	0.9593751549751803
752	837	0.9732652527396559
860	885	0.952925946560391
837	891	0.9735838991608345
230	513	0.9515926593399722
324	333	0.9638307483067974
166	885	0.9556399979037445
729	950	0.9903463830649877
513	736	0.9439246016346068
382	919	0.9558349414714524
748	1017	0.9734802970366955
513	852	0.9572376597098264
646	1036	0.9658300835824112
625	911	0.9637766777265414
681	1036	0.9419988285184715
760	983	0.9684953978333732
625	955	0.9760280586452565
736	752	0.9621891228222619
634	692	0.9582189849181688
705	891	0.9538194631428296
752	857	0.9841414248689466
513	1090	0.9435584099436649
857	859	0.9624583007269417
606	1033	0.9693348626943914
166	505	0.9704336633006194
166	333	0.9675084882784866
729	825	0.9734719586668283
681	951	0.9424885616188755
975	1006	0.9763001062411247
505	913	0.964351465221756
440	681	0.9665503085310523
879	932	0.9732958698996782
929	1036	0.9500116279152024
382	891	0.9748892084874411
692	852	0.9512377417231243
772	837	0.9542715637109498
382	983	0.9585150946829357
932	975	0.9932653810386733
891	944	0.9426105446248254
752	860	0.9492142499179216
324	729	0.9848464356992914
929	950	0.9524557738143471
859	879	0.9650824004257745
766	805	0.9744712342289892
796	827	0.972763186816898
589	752	0.976735373759742
660	932	0.959918950747259
505	904	0.9452135518454694
606	736	0.9603555057081198
101	382	0.9803404676638892
944	1090	0.9621073151843991
660	950	0.9651228666964925
324	1049	0.9528001311976586
802	825	0.9805651686163693
738	857	0.9878623430702769
230	514	0.9555306585999431
323	932	0.952723191377894
825	879	0.9583080549011758
772	983	0.9537674368458787
872	944	0.9578933858047054
729	913	0.96981442485747
736	955	0.9680591825320901
323	1090	0.9440924767769574
505	1113	0.9463813398340881
760	929	0.9519954330835155
955	983	0.9509769946460944
729	951	0.9888588028476539
166	323	0.9632579432647788
441	634	0.9434543972749104
86	660	0.9474725215374706
323	859	0.9686869984230168
625	778	0.9838466839777307
760	879	0.9545211670938236
818	951	0.9713761945747639
634	837	0.953009555238725
669	802	0.9473862979077581
381	860	0.9632855043723269
825	983	0.9575943696631333
324	950	0.9874753630679772
441	805	0.9475755540340048
791	913	0.9709000301462174
625	772	0.9441932019084812
382	729	0.9571936347627062
1033	1049	0.9843953011371389
692	929	0.9790167611708727
904	1082	0.9434755707468219
625	748	0.976246458814972
879	929	0.9719735531424949
505	606	0.9464829531500071
559	885	0.969265258428093
932	1090	0.9504306918404781
230	1131	0.9678776665533875
493	1082	0.9714828317595166
748	805	0.9656519720762852
382	927	0.9810619154098018
660	929	0.970961388525335
230	736	0.9823069875468105
493	900	0.9607100196734568
748	1049	0.9779978332887249
493	796	0.9640682405390575
852	911	0.9583342159711354
818	1131	0.9430196384167628
660	1090	0.9499211640149943
669	736	0.9502814673652067
513	796	0.9743455227275792
333	913	0.9637047508656873
323	805	0.9585036580962272
505	1082	0.9658244054651038
101	752	0.9895605923588615
752	891	0.9905049334485294
333	859	0.9747221686712586
778	1033	0.9734059211709502
778	1017	0.9715336855971352
791	959	0.9531685490528871
166	818	0.969742870638272
101	736	0.9745785513755802
705	748	0.947741910280288
766	914	0.969609926326485
778	1036	0.9765204228242959
791	1033	0.9632342311887259
513	929	0.9423752189950384
323	951	0.9668142845114811
230	802	0.959361626575667
850	1033	0.9600147600763105
850	1017	0.9676153140878496
860	1090	0.9858380812309342
606	778	0.9608085775475907
634	660	0.9635906763665882
230	796	0.9602002239914333
837	860	0.9808499937131853
951	1082	0.9600733199216114
513	1131	0.973797963195274
166	983	0.9635689362743678
493	778	0.9426053310390927
825	950	0.9641548834078304
646	975	0.9686091962830753
729	975	0.9736128742193382
634	736	0.9462099254096834
944	955	0.9758055312146237
738	752	0.9668352521740721
911	913	0.95504448516473
86	805	0.9497383869519078
230	1082	0.9494157037248259
324	1006	0.9689605023729908
440	805	0.9806227132535275
440	1006	0.944579351723124
513	955	0.9532212468343763
505	1017	0.9513546776406838
606	1090	0.9570020006682044
900	1082	0.9919006537197678
381	955	0.9460124149100801
932	1006	0.9876553882193904
705	805	0.9778000018740859
589	879	0.9461742901835051
796	860	0.9538510245409979
589	932	0.9738334956036594
505	791	0.9696646982642427
381	913	0.9580623436152793
736	778	0.9741533961237768
913	932	0.9517568358573933
681	692	0.9449994477069508
805	837	0.9800611527809205
825	837	0.9706463463430608
166	766	0.9471892237976934
166	817	0.9495546480944308
852	1082	0.9572581184583487
705	729	0.9645680132641364
796	951	0.9528127014989982
440	748	0.957070664320224
796	1131	0.9786650444219773
738	859	0.9508088686456584
760	1017	0.9537278100498838
230	381	0.9550686753841939
705	827	0.9631164459164684
660	944	0.9599547203691081
589	950	0.9684102929968958
748	772	0.9514382344618473
660	772	0.9619913199973069
705	1036	0.9733376646881905
382	951	0.9499437638667731
381	951	0.9560801929576863
589	859	0.955853226723137
166	805	0.9658855300868301
230	748	0.9869771222716072
857	891	0.9760114309308797
857	950	0.9509750847210001
634	1036	0.9419487216275166
230	900	0.9431954011855284
766	919	0.9697195548617519
634	681	0.9433146823235262
166	441	0.9480169154337561
872	951	0.9703316919883394
589	736	0.9476429153983048
606	681	0.9491103598436783
323	1131	0.9439320716006755
101	230	0.9714546342150212
859	1017	0.9478401609192719
514	625	0.9641904705948392
606	950	0.9589731900153988
101	324	0.9710961151875442
101	859	0.9721541002267662
324	837	0.975953893269661
669	745	0.991855478260637
860	900	0.9547112813243341
324	805	0.9700727062590688
230	646	0.9759416281777709
634	805	0.9594366824487666
950	1049	0.9600081624928098
913	944	0.9882676113815425
772	951	0.9456867617307085
752	805	0.9612690573803107
166	559	0.973297451215416
166	705	0.966695080243311
333	778	0.9670354001267286
760	951	0.9578615263524917
382	752	0.9856358402856591
885	1049	0.9698758448799232
441	879	0.9508077257877615
745	837	0.9717753292171041
778	879	0.9586364267937952
805	983	0.9697810533063812
589	729	0.9622136925375283
738	856	0.9456964217403652
955	1049	0.962113851579518
736	818	0.9588645742873563
860	1033	0.968590776283655
606	977	0.9582280024830904
860	1006	0.96881953805022
857	932	0.9894473981037096
681	852	0.9437493677143998
625	1090	0.9753563590032307
440	729	0.963113866354194
772	802	0.952547955081652
333	944	0.9769618093572723
805	859	0.9745878529686317
891	950	0.9753631782590301
885	950	0.9514227885883135
859	959	0.9427013851963377
669	932	0.9769008543414153
872	950	0.9686954156858838
752	802	0.9774248823466847
333	589	0.9422235966637396
333	646	0.9753074993116897
324	1090	0.9901693126447464
859	1049	0.9471173513468238
513	818	0.9716671521529944
729	927	0.9744036956003462
333	900	0.9495427098575725
729	983	0.9523905100979551
692	927	0.9424045211478953
589	805	0.9458439822831876
493	513	0.9479013981270827
752	927	0.9890600342997643
900	959	0.9782135575198874
825	977	0.9755295980619527
692	951	0.9561125246383373
729	748	0.9839104433879927
827	911	0.9883190835926199
729	955	0.9576820704226878
911	1131	0.9658439076516891
766	951	0.9618758619842525
606	748	0.9664283015505848
872	891	0.9853729748448576
440	692	0.9789396176087626
911	1090	0.9553876321220188
101	778	0.9556192203743012
766	857	0.9496505535644174
778	1049	0.9769420600277574
493	625	0.9641822123263255
333	977	0.95497739368455
606	913	0.9700440907166819
441	738	0.9456100191288083
606	1017	0.964872613530505
440	646	0.9881916325120834
736	911	0.9599160530345955
729	1017	0.9574341446569774
1036	1131	0.957503898111693
230	955	0.9663427809576107
382	745	0.9718432214355703
230	1006	0.9695572155555419
944	977	0.9552293877094282
86	766	0.9549800235059833
589	857	0.9511463228113755
692	825	0.9570353596770627
230	625	0.9676563714235432
1017	1090	0.9576503557801418
817	827	0.964598539504915
505	514	0.9569357839943886
805	950	0.9759954248059978
738	983	0.9687949393131334
766	891	0.9428233549402089
606	860	0.9725041455783824
646	872	0.966348212944997
856	891	0.9628236247916006
382	589	0.9567311545476395
891	977	0.9661077618734288
323	634	0.9585830422806523
440	911	0.9605745990803887
951	1006	0.9673524656034092
324	977	0.9626916868196224
929	983	0.9784097631942567
752	1006	0.9894525905082125
802	919	0.9589155840719035
646	766	0.9830956508865856
333	885	0.9624327174589397
825	857	0.9955233057566724
729	929	0.952604698715961
606	634	0.9462474999782129
323	681	0.9453966158749544
669	950	0.9608037232744768
827	951	0.9620753413901877
879	919	0.9496826404280736
513	606	0.9872118438275184
101	983	0.9455380827012395
760	859	0.954429167503521
827	859	0.953104939602891
705	1090	0.9693774002911506
736	748	0.9621406256058276
752	929	0.9646203912950301
166	1049	0.9788379891629209
827	1017	0.9663721377548443
625	885	0.9507377599874354
440	860	0.9616887878639968
852	983	0.9628835025429376
872	977	0.9777819271846102
879	950	0.973141116913208
166	660	0.9790517008041317
101	748	0.9545405428907778
745	944	0.9486788000283346
729	837	0.9869161378850211
606	1036	0.9834351483782531
791	955	0.9628601475122506
646	729	0.9687116991775298
1033	1036	0.9662041064404541
646	738	0.9469608164909584
660	692	0.9585723875131856
625	951	0.9769886324128618
900	913	0.9619440889055947
660	825	0.9441719229886432
440	827	0.9505121051265338
660	850	0.9501812920592441
646	760	0.9642587671059039
230	745	0.9625511221986466
333	1036	0.9722619030006991
752	932	0.9921972629051633
559	1082	0.9817340862071975
559	729	0.9618445865818078
230	559	0.9630396132688572
705	929	0.9522635855138695
859	919	0.9594958248976257
913	1006	0.9432088918154459
441	827	0.9519326643153354
827	852	0.9682944975015717
382	879	0.9514025987420629
166	850	0.9561891385495227
772	879	0.9492944705661195
860	929	0.9455813267339627
493	559	0.9796340880886598
748	872	0.9564125202987478
324	911	0.9465639683238314
514	805	0.9471612883559691
778	955	0.9807873995638854
766	944	0.9561458813573769
230	440	0.9766298098474291
166	859	0.9791128959910818
166	760	0.9713734114953485
333	729	0.9821823785502284
230	959	0.9498950743186187
493	791	0.9613118836969453
745	927	0.9806121022753072
634	860	0.9507246848716848
837	857	0.959374881513648
736	745	0.9683668832476603
796	983	0.9615069391277713
381	791	0.9486635187833525
760	914	0.967908518866167
692	766	0.9753145303963486
745	748	0.9544345028486911
230	778	0.9713456006592616
606	760	0.9887467747939265
760	944	0.949049187969351
382	634	0.9461064030917739
101	856	0.9485246449525537
879	1036	0.9760467175043815
729	885	0.9545442060860144
955	1090	0.9659195573960073
729	766	0.9502673699583546
625	860	0.9802883116303924
669	729	0.9582095190613271
646	919	0.9580422639297403
738	1006	0.9480497941437309
738	805	0.9534654118704649
950	1017	0.9502979300529288
166	950	0.9782654611313861
513	1036	0.9585516191992124
796	911	0.9637680686080262
796	818	0.9421786053007968
324	669	0.9498278909702726
860	927	0.9610548312301259
856	927	0.9771127601937591
381	959	0.9871026053448165
796	904	0.9655110443495105
382	440	0.9648888333637874
634	705	0.9444183397939467
441	914	0.9696746452560763
748	860	0.9817749910316684
323	646	0.9726445909706022
333	692	0.9425736533956004
324	975	0.9570404254381694
440	955	0.9436080765543206
692	944	0.9634979490974163
955	1017	0.9444125235165219
513	879	0.9559366442587918
859	983	0.9803340538803598
825	919	0.9480930701259435
660	778	0.9607164745805885
441	929	0.9653226611727721
514	791	0.9510123807268267
634	929	0.9523092526908774
944	1131	0.9537113895910151
324	913	0.9621400713586337
634	852	0.9567601045771457
660	766	0.9721664992741226
101	705	0.9432688203340968
323	911	0.9526760401529171
634	975	0.9623659450623083
818	860	0.9759463938172006
859	927	0.9617609734396401
791	859	0.9459554680072846
738	975	0.9703877919112901
729	932	0.9809166006781147
660	872	0.9572540432974148
955	1036	0.9568120686176791
606	955	0.9553680973878803
748	1033	0.962996658530947
914	929	0.9678259620356103
692	859	0.9755570590925006
825	929	0.9695856522915267
913	955	0.9729718111348861
333	907	0.9511366920736679
927	950	0.9681263932138624
911	1036	0.9674613968240282
705	911	0.9865671270657271
766	772	0.9797844313300408
745	932	0.983558288923144
705	736	0.9762636973417812
440	975	0.9760376923138203
736	766	0.9547807014526096
736	860	0.9847463585696665
333	872	0.9621409760367396
646	1131	0.9555927996622919
791	944	0.974727621525717
837	859	0.9732309573984361
440	778	0.9453897922900487
837	1036	0.9793425833507081
766	852	0.9490909373222449
729	911	0.9444463252059753
101	950	0.9790096500929714
778	837	0.9613872914694834
323	760	0.9614050078521127
559	852	0.9728510982629919
669	805	0.9489112274943606
559	646	0.9479025686444962
324	900	0.9450431500766574
323	860	0.9582524295399576
913	983	0.9661835816355463
660	805	0.9778251114119028
382	736	0.9543327479933423
660	1033	0.9493879886928674
944	975	0.9653119982949715
860	879	0.9745345392145714
760	852	0.958386440217881
514	606	0.9519419146026178
927	983	0.9501451669635617
837	927	0.9704669336689427
333	929	0.9440322736576915
625	796	0.9489424603301555
805	927	0.9692863104924336
634	772	0.973713967972934
606	837	0.9643964815887869
681	837	0.9638027424434046
559	860	0.9663657163532315
440	857	0.9606378899726322
729	879	0.9716619131615043
975	977	0.9764261181302787
634	859	0.9758878453312361
705	778	0.967384752060473
760	919	0.9504723857014363
729	1131	0.9457325989086129
778	860	0.9909628076483386
513	950	0.9478318337863465
230	951	0.9864128123750875
514	778	0.9492101696892823
559	913	0.9695382017786712
646	752	0.9427542499880603
323	852	0.9536762774821496
950	1033	0.9488319529222905
440	891	0.9538365870373585
879	1006	0.9590432262611077
514	950	0.9470581846657052
796	1033	0.9618459663486832
932	951	0.9763700835361571
796	845	0.9427012816888771
625	913	0.9760190107027114
802	983	0.9599609919675933
1036	1049	0.9638872812429935
606	705	0.9720831803116166
932	944	0.9560709559218948
729	791	0.9491315305515985
230	977	0.9810888552097408
778	911	0.9608498211402003
766	932	0.9657453022769031
805	860	0.9748364728979897
323	625	0.9560173516909716
736	857	0.9594153279059369
505	1033	0.9648450187144114
166	440	0.9632494896287938
166	951	0.9822275173816062
333	1082	0.9551117200240321
885	900	0.9673348111526463
230	791	0.9645170063663377
440	951	0.975596576841208
748	959	0.9699345092070027
440	1090	0.9422050093179095
959	1006	0.9480697580736366
825	975	0.9820176128894819
837	975	0.9723295422619391
805	929	0.9665796844783308
860	983	0.9531670556634297
859	1131	0.9620025378356476
736	760	0.9453380487333969
646	950	0.9726313305635734
230	891	0.9648302370054596
166	900	0.9605139674264818
951	955	0.9727815800312893
879	1090	0.9691226325977003
505	852	0.9624486501601167
324	1017	0.94230120947584
977	1036	0.9697839313509578
660	837	0.9661758809445316
323	913	0.9578581863608242
859	1082	0.9474650077434819
625	760	0.9543287893439467
166	860	0.9818032511709882
837	852	0.9485685158655518
634	951	0.9574949621413898
748	900	0.9748555729199471
913	1033	0.9615102515677393
857	951	0.9510451868352006
860	959	0.9529375833022746
745	891	0.9918974397531799
381	736	0.9495756302133355
660	919	0.9680101948459001
324	1082	0.9569041041754652
766	927	0.9429548122356797
382	857	0.9943187637259753
166	932	0.9430000615279526
778	827	0.9639793133026469
692	805	0.9581835694888491
736	929	0.9578435152060171
927	975	0.9782203193655821
646	825	0.9496917249444491
86	914	0.9426431659441238
382	950	0.9497432716585769
441	951	0.9492680949413945
837	872	0.9732686607188092
748	818	0.9532121649701981
705	983	0.9551449894386005
860	1082	0.9697575010123765
959	1082	0.9639665009991325
772	977	0.9523285590051719
913	1049	0.9742837179230236
230	927	0.9635906997692891
950	955	0.9771367554285473
589	860	0.9469444822130898
955	1082	0.9538659828756588
951	977	0.9712126934066208
760	772	0.9431015752056072
606	859	0.9662240008575491
857	977	0.9746498367145894
805	857	0.9559271196327679
101	932	0.9925204894917181
323	333	0.956905891304325
692	736	0.947803913096279
766	911	0.942774115769689
559	950	0.9565765442329058
802	879	0.956523350423446
381	1017	0.942773064823831
166	1017	0.9754205593980683
692	975	0.9744200578100167
692	857	0.9667452058469685
802	1006	0.9615977537487855
791	860	0.9581454474807372
911	1017	0.9554579433224514
950	983	0.9541233316303973
748	977	0.9593926409441111
791	1082	0.9645036972928012
514	951	0.9508113566198773
606	1049	0.9525591012159643
827	914	0.9436516598688486
852	1049	0.9705168176400553
748	1131	0.9496313586528558
944	951	0.979197042992129
778	791	0.9556171361008843
166	646	0.9764856773494042
513	660	0.9873977500484734
559	625	0.972023837629614
729	859	0.9811050818039909
589	977	0.9420671013928159
631	845	0.962886132327988
323	692	0.9530996680861291
951	975	0.9750515916240241
230	766	0.9636110698415404
646	983	0.9738389546507561
748	1090	0.9686576464289767
669	927	0.9737673560633924
625	1017	0.9706978791463505
646	1090	0.9486941808293817
441	760	0.9562086091407109
778	1006	0.9536000111781453
859	913	0.9817813817798025
778	932	0.9537415034178713
778	959	0.9605186310569933
802	859	0.962529873414422
323	975	0.9570843999315188
729	852	0.9591320184941088
745	778	0.9509680292034037
852	1131	0.9555457223295336
951	959	0.9489916945558436
166	514	0.9659942600849631
606	729	0.9584219843877795
772	913	0.9487463655334691
333	837	0.977795400035634
646	929	0.9744330309034579
323	559	0.9425912233093665
825	1006	0.9881872172507031
625	818	0.9662049200689302
323	440	0.9771765049122119
1017	1036	0.9717356490194569
692	914	0.9698539172501639
760	1131	0.9708718255090382
859	951	0.9863870473907836
872	1036	0.9533453556113625
323	944	0.9577185062454279
950	959	0.9638152038860042
859	955	0.9661906416068935
646	745	0.9422283412275854
932	977	0.9814018426445803
514	1082	0.9451652932480055
324	646	0.9516577942276623
382	975	0.9827362282317138
625	1036	0.973639686732596
827	1049	0.9574052834627292
513	914	0.9605608821159954
323	606	0.969182049947145
514	827	0.9528413495724851
166	977	0.9479840337335854
692	837	0.9504158126651812
818	950	0.9643995371583407
230	1033	0.946599586570327
646	955	0.95945289332934
646	944	0.9724973939692001
382	929	0.976819406541784
333	791	0.9552658795433264
927	929	0.9625751970648575
729	1006	0.9863605556934136
559	904	0.9541086281226485
660	879	0.9760425002694737
738	879	0.9530225732570736
681	766	0.967605237761455
440	625	0.9512026558640347
845	904	0.9624768941306705
827	1033	0.9813723961580294
324	955	0.9594216883665991
166	778	0.9852727340915147
692	950	0.94730002206876
951	1090	0.9815859764455712
101	745	0.9889046909745722
859	1006	0.9627839047589264
513	951	0.9618868094531462
859	860	0.9790458884218343
827	904	0.9515592299093883
705	852	0.9509140098948397
440	705	0.9659735112656198
660	911	0.9854355321813988
230	382	0.9623923113041329
748	907	0.9675285055961731
323	772	0.9522456648507762
825	951	0.9610644529789769
493	850	0.9703953112718668
983	1131	0.9628646657697317
852	907	0.964143283782464
766	950	0.9514334772334359
381	625	0.9488779509014618
944	1082	0.9602183729507601
440	634	0.967274555334153
752	859	0.9567497217197245
513	634	0.9427186077689669
885	944	0.9745129656880187
791	951	0.956572088658322
745	860	0.9609937685318821
791	852	0.9856263284748492
625	791	0.9658700312035267
913	959	0.9582698540925623
766	977	0.9761084647770957
766	872	0.9665873117381202
944	983	0.9674804701389765
705	825	0.9428608473420015
382	802	0.9903757288298705
323	441	0.9546072081659094
950	1131	0.9502272401369829
927	1090	0.9425309909199675
441	646	0.9590437485841125
493	913	0.9498889921060447
913	929	0.9432316482667051
166	1131	0.9768058239828232
805	955	0.9531668973324632
333	736	0.9657658288908417
230	825	0.9682525199510228
729	1036	0.9859531640308572
959	1049	0.9657392534999474
879	951	0.9807793801481566
230	589	0.9436801437361034
634	872	0.9633129895979851
324	752	0.9511162203980359
927	1036	0.94899852895883
837	1006	0.9733494233070676
559	1090	0.9474274081497294
772	975	0.9481552270182552
907	1036	0.9429120401402196
760	805	0.951613405845103
950	1082	0.961983805262695
929	975	0.9792804777452839
692	879	0.9467145351289245
230	1049	0.9569279969946707
805	919	0.9573274319987322
791	1017	0.952462026011996
559	850	0.9528322651611041
825	859	0.9670970570848247
705	1131	0.9476776542673113
705	837	0.9650828450515142
513	766	0.9502051948857478
669	752	0.9847279285068207
1017	1082	0.982055600761361
736	825	0.9700896833659913
382	859	0.9628222668880109
324	748	0.965324370610767
907	944	0.94985978103252
440	513	0.9643336957483923
911	951	0.9658861504934166
944	959	0.9607604040220723
891	1090	0.9570664050292992
513	845	0.956565434127211
166	944	0.9832885327410912
230	860	0.9816372421231492
729	891	0.9784104557775624
559	1033	0.9728326767637644
919	975	0.9643567500553465
230	872	0.9790788272046934
589	825	0.9620163325490173
748	885	0.9750520998341532
837	879	0.9837268624918472
837	951	0.9817473462807704
505	559	0.9693944657116478
913	975	0.962304597696854
101	440	0.9526844394938461
745	951	0.9639023165539583
101	944	0.9513046230857051
692	760	0.9439803568579608
324	818	0.964311063230268
323	914	0.9565472623376603
748	837	0.9670346641234512
766	1036	0.9518137230958288
493	1113	0.9674739556483166
778	950	0.9912487296114818
856	1006	0.9539904803270023
166	975	0.9495981640309126
324	1036	0.9771842737992842
736	1006	0.9723475002624944
852	951	0.9715153566557997
625	950	0.9757642070955956
860	1131	0.9566276476135454
891	929	0.9535718598638145
625	900	0.9685909741090444
752	975	0.9803373643959432
559	1017	0.9766689097308334
589	1006	0.9728989542133502
660	1017	0.9489999520125658
382	872	0.992077704889819
514	634	0.9698412532864842
669	977	0.9442853123782802
634	950	0.9577252375031475
1017	1131	0.9577439683398028
646	857	0.9457719946467167
441	660	0.9726377883628934
859	1090	0.9603483417852006
625	859	0.9665501233036551
805	951	0.9830804947517302
748	1036	0.9836861211350103
738	837	0.95104370643161
837	913	0.9568097796917672
879	913	0.9559067112299666
646	852	0.9716411103964333
230	944	0.9856295730692521
230	323	0.9628876099763941
440	514	0.9458250540666877
837	1090	0.9621064615257153
589	891	0.9792963886943947
333	660	0.9565036585327586
852	860	0.9676206718616152
827	850	0.9587106959002618
230	859	0.9880779785106897
872	983	0.9721589250329451
879	975	0.96612411722557
324	891	0.9680095721131079
333	745	0.9624526037988023
381	1049	0.9652379250730938
440	660	0.9831148575520402
802	929	0.9838238381884268
166	904	0.9474588882356318
904	1017	0.9680295408157382
625	1049	0.9794853725433698
748	951	0.9778279533812051
729	860	0.9941719340809132
885	1036	0.9467915291548755
230	333	0.9717198032441343
760	818	0.9557399708768501
900	1017	0.9655105973839484
101	805	0.9635415419848429
745	859	0.9594122985242408
505	885	0.9526924365747047
1017	1049	0.9796318330298959
913	1082	0.9656729738111541
736	738	0.9450672287234652
879	944	0.9486917136049857
955	1033	0.9608257804947717
778	1090	0.9907294279587341
778	796	0.9451949143930415
230	1090	0.9644900363447162
891	983	0.9420142353436631
692	738	0.9698404959476998
589	951	0.9526850538359073
900	951	0.9436070273024684
736	827	0.9459362628252282
791	950	0.948541374573747
513	1017	0.9553098072994474
778	951	0.9849960237869093
932	950	0.9795601782503398
950	975	0.9781283951398365
911	983	0.9570108716384997
382	766	0.9608604962646206
589	778	0.9497809506519246
324	825	0.95115492859029
333	1006	0.9535476886893494
166	796	0.970992132347465
660	914	0.9690292054754479
101	766	0.943012605601578
440	772	0.9749073173410812
850	860	0.9439062143684891
660	681	0.9451636980781585
625	729	0.9673570011675492
951	983	0.9697725969763835
324	625	0.9689643121839403
802	951	0.9456842932765559
852	879	0.9467233533104107
625	852	0.9727084701284402
852	950	0.9593608924064521
646	692	0.9670973238248122
738	977	0.9739360245403984
738	825	0.9764784779352806
805	852	0.9643710126369178
101	729	0.9820337968191273
440	1036	0.9635501043542618
950	1006	0.9742880216072816
381	885	0.9572041316829417
929	977	0.9803581172652778
872	1006	0.9818101958477334
660	951	0.9765103468441112
818	1049	0.9448067048582729
101	1036	0.9545002473699613
381	559	0.9565967911357378
729	736	0.9852414256050956
729	872	0.975799371271601
440	745	0.944313589951741
977	983	0.9667772925792728
891	951	0.9716582740799262
646	705	0.9650449168701654
230	852	0.979882056411844
101	860	0.9653308894754513
660	1036	0.9732522908035208
977	1006	0.9684262430284922
950	1090	0.9862970470356383
904	1049	0.9424563578479868
850	1131	0.968804763481959
513	705	0.9627710867554624
589	975	0.9677256008073694
660	827	0.9792325194571638
919	944	0.9419023705523508
333	748	0.9799285514834304
885	1090	0.9459325930337135
646	951	0.9773365906632965
791	827	0.9458337018961565
944	1036	0.9665351590919193
860	955	0.971333095045438
913	1131	0.9601038258037742
736	802	0.9458316547500558
904	1113	0.9600707187288426
818	827	0.9689798239535117
514	860	0.9463245793878238
505	900	0.9657287951430131
101	977	0.971763121134839
333	932	0.9605592643372081
440	606	0.9737506893375243
86	772	0.959160535767967
101	959	0.9462562090676567
440	818	0.9574623957872188
914	983	0.9754165911332426
589	802	0.9442505932541355
944	1006	0.9425721353660437
513	772	0.9480479334160065
382	837	0.9639839262844916
736	1090	0.9721458042322646
891	927	0.9920033325209923
748	827	0.9502245495471062
440	1131	0.9459237518393229
606	1131	0.9667776067939666
381	859	0.9454384813946473
101	975	0.985462220433267
805	1090	0.9653162641511542
745	857	0.9643773575685516
692	919	0.9852033810578168
230	914	0.9453113854849418
950	1036	0.9775090719766266
441	606	0.9534241553990881
885	959	0.9699550880418291
736	919	0.9512174004042653
760	1033	0.9507777326784266
441	983	0.969095483825773
101	872	0.9844695637675369
606	625	0.97423310592309
752	766	0.9484520879495846
646	914	0.9687902147060998
705	859	0.9601045809784146
766	837	0.9731890545227246
381	778	0.968685169588315
1017	1113	0.943924202508281
852	955	0.9665746770342187
736	932	0.979403683442278
660	736	0.971840624246054
772	805	0.958984838838238
513	805	0.9497189740609564
975	1036	0.9545511000201665
166	729	0.9690441982677754
513	850	0.9594164760587024
230	827	0.9544801346941363
230	692	0.9704336352229357
900	1049	0.9896770521940126
101	927	0.988785486463418
778	852	0.9619076682985523
559	900	0.980768132092019
166	692	0.9448779322921501
634	977	0.9433264312890588
778	913	0.9758464053068576
778	975	0.9529539078248424
230	606	0.9693921349314424
681	983	0.9419933165418015
778	818	0.9661250040185314
514	1017	0.9433326222758531
606	692	0.94228425894417
907	913	0.9497319693780653
944	1049	0.9690336264590302
323	766	0.9644350405442466
681	977	0.965188075058292
625	660	0.9632209319489737
646	891	0.9481228139743477
745	959	0.9586446512300382
230	911	0.9551696022145011
625	977	0.9421087024869058
736	1131	0.9522509516648054
729	1049	0.9544455387907089
440	872	0.9746034298728348
660	760	0.9826245207832538
859	1036	0.9707398057428684
634	919	0.9420200472868563
669	951	0.9439408918134342
766	825	0.9484423587380452
440	752	0.9533589618701583
802	975	0.9782366534660127
606	796	0.973752688468337
323	748	0.9565521599423179
440	977	0.9793932358183338
736	837	0.9788335002579778
752	977	0.9697459298767525
766	975	0.970306478320519
900	1036	0.9525127266591169
514	852	0.9677342371542188
852	885	0.9765883910562649
166	772	0.9499708967018041
729	857	0.9579432992123889
646	796	0.9556011555091326
441	705	0.9599588935452155
805	818	0.9641047158218699
736	852	0.9550102598505184
440	944	0.9646662627741751
230	818	0.9518828976537117
748	796	0.9582045477367902
660	983	0.9816144523294698
634	914	0.9578939684689118
166	827	0.9879523710581918
634	802	0.9459864171203312
324	944	0.9608346937395658
900	1090	0.9593512633801096
441	932	0.9451903066796237
872	932	0.9938012428868825
513	817	0.9593966882794494
382	805	0.9585862205188809
736	1036	0.9751967141108431
778	891	0.9545872118547146
856	932	0.953635155870888
333	983	0.9448638852680313
589	927	0.9641524519700004
513	514	0.9506306892089944
818	977	0.944332199954135
606	805	0.966509292443055
1049	1082	0.9917042666608851
333	959	0.9528293968986254
86	634	0.9561902449135193
225	381	0.9461651774100548
660	818	0.9713305633686222
86	631	0.9456726969979808
778	1082	0.9789937274957661
513	911	0.9864293450107895
705	950	0.9684669022675816
333	440	0.9661484604376145
1033	1082	0.9838712417663374
625	879	0.9569976108891478
323	837	0.9608526688181601
745	802	0.9574391343713489
872	929	0.9769375570877608
907	1049	0.9537714403375203
606	1082	0.9525772286970176
729	752	0.9699660893293546
86	323	0.942346145515399
166	625	0.9874125828416546
333	625	0.9669911694948972
944	1033	0.9520192596933471
745	805	0.9666259229669798
166	634	0.9564005735838821
860	891	0.9662305511612379
101	646	0.9482257439358932
885	1082	0.9520290157396368
818	852	0.9481725945679963
514	1033	0.9477336089805788
825	860	0.9557141635104605
760	977	0.946327826816451
927	977	0.9696293040182105
825	872	0.992812915818656
441	766	0.9553211916570048
796	913	0.9595023271083117
817	1033	0.9489024317001415
660	927	0.9458653212175749
745	975	0.9731669873754223
625	827	0.9749498468945943
101	738	0.9559190206592871
505	1049	0.9734420067435448
705	1033	0.9436922005318054
324	589	0.9478538097918104
646	802	0.9585935305008868
440	441	0.9687167631145848
559	955	0.9502344092580854
669	825	0.9701437228166025
513	1033	0.9629728247130518
738	891	0.9544852860109465
323	729	0.9562246144690553
860	1036	0.9905573539670303
705	766	0.9503863429961201
324	959	0.9581299685339797
493	1049	0.9693121387634818
634	766	0.9579451420767182
441	872	0.9424533807277946
646	911	0.9650568730107355
559	827	0.9469034139629278
859	872	0.9779181740115201
772	859	0.9631530601156226
323	929	0.9613453230669675
913	1090	0.9689479605471537
817	911	0.9433088225723786
514	772	0.9601143128659402
606	818	0.9781194073872643
323	778	0.9514026663597763
513	646	0.9715545472860677
951	1017	0.9563416482253609
559	907	0.9523866028645019
738	919	0.9743869155494462
166	852	0.9837732460857709
983	1036	0.9528437973234247
646	681	0.9593414870250756
900	907	0.9464229439217398
692	772	0.9596211469346165
606	827	0.9864304713485739
951	1049	0.9596351753172705
891	1036	0.9502486310859899
514	944	0.965667045125037
778	1131	0.9563430623785012
559	791	0.9767606143779453
736	951	0.9892182327148213
837	944	0.9588991217974966
333	825	0.9452637422366303
323	1036	0.9615400361822319
589	634	0.9438972718120358
625	1082	0.9829756893138177
950	951	0.9913810570294215
760	1036	0.9643463332375701
333	818	0.9638278265198497
660	857	0.9428318784056833
646	879	0.9703317458319851
559	606	0.9495434099386144
493	606	0.9541001132294434
559	1113	0.9482991162158874
646	859	0.9846032552000356
907	959	0.9427781700895095
692	932	0.9663519614757556
692	802	0.9709147621599894
859	885	0.9473503222219992
513	625	0.965443169191954
796	1036	0.9615492016377984
745	1036	0.9477837474226425
805	872	0.975519803168766
692	977	0.9700350090062948
872	975	0.9876254346405426
166	230	0.9808722073449649
885	951	0.9528907863110532
606	852	0.9705274205385255
669	1006	0.9793025299262927
850	904	0.9649837713268898
818	1036	0.9747674506528585
101	333	0.9519587184788111
101	669	0.9830678396956826
827	1082	0.9545449650895468
904	1033	0.9665025036209134
857	983	0.963862544029068
230	983	0.9794251587292545
977	1090	0.9454505833488965
514	955	0.9485487754463037
101	589	0.9787522976400369
101	692	0.9454875946179755
913	1017	0.9603999880822482
333	950	0.9771448883511646
944	950	0.9782349253141349
166	911	0.9764889651340427
230	857	0.9633825201633485
837	911	0.943952826885397
837	977	0.9856437561790701
324	660	0.9493487496686059
606	983	0.9631974269420877
440	825	0.95843955148355
738	927	0.9662295342648695
625	705	0.9560693149516739
802	805	0.9577422095152179
805	944	0.9694093286965554
857	879	0.9510111372408812
324	606	0.9519750220835286
705	951	0.9744532439425186
932	983	0.9663580862927916
729	805	0.9759238136244183
748	950	0.9773914061617344
505	625	0.9691907985893082
827	983	0.9515024295672033
559	1036	0.9604832391851426
493	904	0.9828947012565934
625	837	0.9574567081188847
493	852	0.9616188572981419
911	944	0.9434462576255784
772	872	0.9470645199353809
513	827	0.9920802832181128
660	955	0.9587118539525014
660	852	0.9651453963459591
885	913	0.9674694494440923
441	911	0.9634889191448528
736	859	0.9750191886391312
660	705	0.9793130440814306
230	681	0.9523701317816783
634	646	0.9786557121528943
745	872	0.9797820436839502
927	1006	0.9885107636485198
736	879	0.9779915290866676
766	818	0.9453571594329155
736	872	0.9718470065566813
