849	855	0.9310584849650756
446	519	0.9729563155884442
519	813	0.9165392626723559
676	882	0.9488025520760609
890	899	0.9166403944478541
610	835	0.9232915954891454
644	890	0.9544198341334582
227	1145	0.9193061593105389
790	916	0.960237670502333
564	820	0.949213156095051
83	1011	0.9721342856384301
610	882	0.919677076173095
222	518	0.9516129752034321
644	933	0.9008623238280615
882	970	0.955402070038579
655	1096	0.9421421359404178
665	902	0.9656401502952423
254	895	0.9368196553948619
1001	1019	0.9797150696884962
563	1002	0.9552103541964136
784	931	0.9160460739143929
902	1196	0.9635225114397752
890	939	0.9421648005315183
899	931	0.9335234364758115
103	655	0.9115162628800981
655	762	0.9265590242668318
657	792	0.9295681585119672
849	1002	0.9721760325770055
792	993	0.9839900725778312
222	868	0.9436274424948246
605	1145	0.9099635660486858
459	855	0.9391914510203803
518	835	0.9662208263649914
386	813	0.982892701508796
895	1048	0.9549860638280313
386	882	0.983717423643268
725	764	0.9628160807494225
446	790	0.9524597500554515
596	882	0.9802223054104326
519	1196	0.8997988387224934
386	970	0.9390533067789927
227	882	0.8962917475124452
798	896	0.907468068310187
454	735	0.9410358457023464
735	916	0.9468060262813336
254	890	0.9368029670329645
697	970	0.9608859724110095
784	1048	0.9367769909301202
931	970	0.9618788761873007
425	446	0.9363297095837463
896	1096	0.9123001993981397
459	882	0.9820291105585699
665	890	0.9746248163986564
446	518	0.9779756890670062
222	575	0.9474919612576387
665	1025	0.9785381997278426
665	1196	0.9474138559898723
833	1011	0.9772395199024284
868	970	0.9081683356378343
525	949	0.9214325817671872
665	833	0.9673732087140049
459	610	0.9567395926756037
103	895	0.9167307382488701
970	1048	0.9367129590753114
460	596	0.9361835919967904
425	855	0.939314001077419
446	890	0.9825447287337563
254	386	0.923367929174947
460	896	0.9173764005453235
446	899	0.9228713994689381
784	895	0.902351780452072
103	820	0.9577902566339183
740	895	0.9392765705777537
943	964	0.9272252884587447
388	657	0.8930287610806145
697	849	0.9327293351298814
83	798	0.9259987268205767
1002	1019	0.9571916454452796
222	939	0.9247991606372337
460	1048	0.9368578938812698
970	1002	0.9572761682636963
598	644	0.9180408164439304
644	655	0.9481078576898387
916	1048	0.946790703315262
644	1001	0.9176384261381482
254	644	0.9435648172743444
899	1025	0.9247379195073634
596	870	0.9230259306627955
254	849	0.9495049189534086
849	1159	0.9621031258311497
899	970	0.9331285592439946
425	737	0.9157259508335189
762	790	0.9277910791668376
575	870	0.9325617356062321
596	943	0.937647538236064
964	1011	0.974448700353451
610	849	0.9483395961658663
227	454	0.9036654922786576
425	563	0.9012935233813227
254	820	0.9031263435765104
459	943	0.9366126656469593
655	820	0.921406048093451
222	916	0.9496760751069513
735	993	0.9508843038600046
709	764	0.9800400069704944
446	1001	0.967612389332615
762	993	0.9092580121585204
1048	1145	0.9697658449750924
1025	1048	0.9435628782580383
386	1196	0.939042980850392
563	855	0.9504979593741356
899	1159	0.9642813642787056
916	939	0.9051025576082218
446	833	0.9547227299755519
446	1196	0.9180419836557998
762	1001	0.9371172014933086
849	882	0.9806214302774828
813	964	0.9837765193410515
564	943	0.9052525136291252
103	762	0.9628838508529018
605	798	0.9725083518933328
459	792	0.9812701344037049
254	519	0.9278032341561206
657	784	0.9566202843548746
386	655	0.9370213239621105
993	1083	0.897043923120306
564	931	0.9382911732466793
638	657	0.8983620369386393
460	1001	0.9294411458502636
644	697	0.9611228937574816
870	1196	0.9201913972031885
855	939	0.901520860881931
709	933	0.9293241615331291
83	961	0.9567593318935714
518	813	0.9681050817279286
254	902	0.9425932641880364
386	740	0.9660768986883568
676	902	0.9606956866584896
813	1011	0.9813093557698476
655	899	0.9496770795210883
931	993	0.9726837047728989
454	882	0.9793010482522815
518	868	0.922073340132519
1002	1011	0.9815547162819989
525	656	0.9063677632097762
798	993	0.9734429635886501
459	697	0.9519724282923667
446	1011	0.9285851509778896
446	605	0.9677398398487486
849	970	0.9497938207772165
454	916	0.9095506606740684
697	1011	0.9092243630456687
610	792	0.958741479648478
610	1001	0.9329023770723718
610	899	0.9072404479465797
740	1096	0.9851836919767127
460	1002	0.9700367453357164
386	896	0.9408556251581879
655	835	0.9614933405903048
896	1011	0.9131570562201028
764	868	0.9352388136030875
446	709	0.9102958231630669
665	993	0.9820046213736799
454	792	0.9478702659342415
895	899	0.9393294586800909
605	1025	0.9791220729025532
519	868	0.966969448085818
697	1048	0.9063964107707012
735	949	0.9135813835138439
254	882	0.952334948393226
916	970	0.9813704750892844
460	1159	0.9006810916631696
254	459	0.9678510458514694
665	970	0.9664199038992869
665	740	0.962517543990645
655	735	0.9778448534661867
849	1019	0.9623282264040973
596	790	0.936343545522131
83	1001	0.9468511411887506
562	656	0.9076330315630737
388	425	0.9641185196033637
222	525	0.9130936101503889
762	916	0.8925923952732021
697	740	0.9568433762214054
222	735	0.9168896498726418
676	1159	0.9290069690657101
610	725	0.9036157195009162
254	665	0.9609250196237153
518	596	0.9732445980347353
575	610	0.9204219803086233
446	939	0.9130180563631407
902	943	0.9192651334349498
740	916	0.9634059384262452
575	644	0.9089972692352153
605	709	0.9140125305547795
868	993	0.9078571603328114
657	813	0.9063817562437956
697	890	0.9746895948060529
784	792	0.9471148580764861
697	813	0.9461677869251086
254	833	0.958252585147495
1011	1096	0.9687721269722078
596	916	0.9603908344047662
519	790	0.9219016373771678
596	605	0.9722228942707163
1083	1196	0.8961414854527008
454	896	0.9272489216969859
610	895	0.9317659740286395
518	1011	0.9527971027039979
459	790	0.9410510921066931
103	1145	0.981106916134896
575	727	0.9412475361036887
519	676	0.9481416282168286
575	605	0.9253827912830042
931	1048	0.9331158554241216
459	762	0.9464012044596197
644	1196	0.9107890206397167
386	446	0.893436561592909
563	1011	0.9549024663413314
855	961	0.8926903996673361
518	1001	0.9726956169322918
740	1159	0.9679170765320024
454	790	0.9136640545637646
820	1104	0.895081893781024
388	725	0.9155227077380225
575	697	0.9307281422215894
519	755	0.8965663746011784
855	916	0.9443764546048841
882	1096	0.968985235370009
518	933	0.8930415202827168
655	665	0.9754645884523406
882	1025	0.9449773021652472
762	833	0.9402157441071102
709	798	0.907190978657944
239	931	0.8958715147984411
993	1096	0.959605386827757
849	916	0.9383714806423441
644	1002	0.9133495004217125
103	227	0.9029134158030272
890	916	0.9601433751447286
676	970	0.9453018420684473
459	784	0.9365356107405391
525	562	0.9157955151477555
596	657	0.9213270005854668
665	939	0.9139990705051011
849	895	0.945273696043815
709	727	0.9785335985071472
388	665	0.915959873104363
459	563	0.9764211921056473
83	849	0.9555974892713566
1001	1145	0.9663928210639623
964	993	0.9704440929877098
798	882	0.9617967417068656
222	993	0.944709830445126
740	798	0.9705692046757448
564	813	0.9693333080223256
890	1096	0.9297181555493564
697	1196	0.926575633314355
1002	1196	0.9551256522513873
446	931	0.9532265736732286
855	1159	0.9132092101977896
575	735	0.8933703661270967
388	855	0.920590141115565
964	1096	0.969528055695521
610	870	0.9351858797935185
725	737	0.9197716960473734
762	835	0.9709706513947981
740	833	0.9834382847238341
895	902	0.947348452572119
596	1025	0.963167379956038
386	943	0.9746672096036462
644	1031	0.9135773692303856
575	784	0.9236762617358648
610	697	0.9685588565812594
949	1025	0.9541087295528285
460	792	0.9118183851447077
1096	1145	0.9505807777041413
563	1001	0.9766167520684514
610	902	0.921197732489421
454	798	0.9451370719155158
254	855	0.9244011888243409
870	993	0.935372362754925
655	1019	0.9384121373164334
792	916	0.9764425494074774
855	899	0.9025979124467972
899	1196	0.9373337401876412
254	835	0.9448054633541825
103	735	0.9244449575748908
222	1025	0.9645952799431247
792	931	0.9701694199117782
943	1002	0.9622031088761833
454	655	0.9420691912673671
596	1159	0.9603252473743911
239	564	0.9008683396273254
665	835	0.9551991476536198
519	596	0.9302708660080554
610	931	0.9567232737808522
798	1001	0.9698707026983983
792	939	0.907259506687239
676	740	0.9442604499806249
676	1083	0.8982185150488899
254	1002	0.9467191878226605
1048	1196	0.9611229270648973
784	902	0.9244696954331404
737	890	0.9342291892978121
386	1159	0.9444651612251098
519	656	0.9161278225791885
961	993	0.9143592466853148
563	1048	0.9710662360228399
943	1104	0.8979949378564968
916	993	0.986685495010729
222	1031	0.9014732278471194
564	676	0.9487560536019537
386	735	0.923624726189237
896	943	0.9169144524419323
227	386	0.923389566507575
868	949	0.9732612089691699
610	740	0.9507102941481065
460	882	0.9577979053435262
518	1159	0.9635377490595078
254	605	0.9497185155021799
563	895	0.9771153706664759
784	1196	0.9218691416230549
890	1002	0.9205333207695238
563	784	0.9490675323168554
697	870	0.9524938388953922
676	762	0.9208256530651739
518	970	0.9705029402610419
813	855	0.9073717349620711
833	931	0.9758378777187263
564	596	0.9649316674530032
1011	1025	0.9329947509740232
222	835	0.894298305642856
519	764	0.9163115913942235
993	1145	0.9303773384547245
1096	1196	0.948908683140328
644	792	0.9653370431518471
103	882	0.9732262509038743
1025	1096	0.9524046780465407
518	792	0.9882836652705265
735	882	0.9553227809018652
518	762	0.9158547613288575
605	740	0.972034682729874
83	596	0.949700745903644
792	1002	0.9727391081503423
519	737	0.9347368956998995
563	902	0.9647618559201991
784	979	0.9125572169774441
644	970	0.9574665779671904
610	868	0.9443823332757918
459	1019	0.957185339952012
655	943	0.9054661196923415
665	849	0.9517820922405904
83	563	0.9185486743753724
519	1001	0.9193007977097349
222	519	0.9540085461033115
798	868	0.939736397255408
835	964	0.987511813273295
1019	1096	0.9498213816421072
655	931	0.9470329767468824
970	1031	0.8932029981623952
519	610	0.9683980049916583
665	868	0.9399004082113349
655	697	0.9579403943612326
961	1096	0.9386542668563194
655	792	0.9737251433140305
83	964	0.9565685040824896
896	1145	0.9258434940937258
605	644	0.9638685001683427
518	697	0.9564700588676243
72	227	0.9551902494785429
709	1025	0.8933694102583659
855	870	0.9053153934244207
835	961	0.9633773140594462
563	833	0.9854695084935468
254	1011	0.9430977875107192
518	657	0.917420118727833
459	655	0.9857648422476628
525	676	0.9163497706361121
961	1019	0.9429012625191826
656	784	0.8972678889208408
665	899	0.9371671480170038
425	605	0.9250320982481505
605	1196	0.958574365509844
222	676	0.90818815969712
518	855	0.9487554885025776
868	933	0.964039609859891
103	1096	0.9477806985839454
665	1002	0.9456031535030497
460	1011	0.9636406233361006
254	518	0.9632342924601545
518	882	0.9657088370904386
655	1145	0.9434748885566899
446	737	0.924916498013058
564	1001	0.9887753011344416
740	790	0.9373387658204129
784	833	0.9214896824978989
655	890	0.9702246077959857
459	970	0.9672518392884482
222	388	0.9216166396219634
563	961	0.92982639127051
833	1002	0.9776768502814788
697	790	0.9320641130397007
697	835	0.9197201710159225
737	764	0.9424785492180594
605	1031	0.9270503645125003
254	657	0.9450875556840275
820	833	0.9352293207123568
740	931	0.9716329384255655
605	833	0.9568994773043975
518	676	0.9697302065940863
657	870	0.9097671653716153
460	740	0.9210946890685767
725	1025	0.9035297351329068
454	605	0.9156476642287117
665	1001	0.9665297602186895
931	1001	0.9534791919340255
564	610	0.9197615913467079
899	964	0.9712893196028436
596	896	0.9402739607941262
676	899	0.9283227391350769
697	1002	0.9146287410779156
676	1011	0.9316674041124782
890	931	0.9485987497179208
820	1019	0.9306483998543026
563	916	0.9708157359254679
849	896	0.9134234894886148
784	835	0.9074256527787152
1159	1196	0.9665097427088924
610	855	0.9552270388485671
446	727	0.9265342950015678
459	849	0.9835710011376062
665	792	0.9785487428107511
254	655	0.9632499152190217
446	655	0.9792148980948803
882	1159	0.9800914504777705
820	1145	0.9860621446007796
610	993	0.9590552708943008
784	1031	0.9083707070769447
961	1011	0.9766478932923564
596	697	0.9568255162876194
563	890	0.9497120963781134
564	605	0.9466960304187803
386	1019	0.9466504884704603
727	933	0.9675812766334758
697	737	0.9062493535386255
697	899	0.8982078008841561
676	725	0.8923130393502403
446	895	0.956409410477188
644	916	0.9499806910414939
254	949	0.9178262302115913
685	868	0.897938430912038
425	598	0.8964671826808004
446	1002	0.9205660237097332
610	676	0.9308220910605309
605	870	0.964757475820379
454	1002	0.9849855510233763
790	970	0.9311306610605492
525	605	0.941709730363361
518	902	0.9721306143085366
655	725	0.8943892158925077
993	1048	0.9627675427966735
562	685	0.906593240036186
762	1011	0.9493793288368986
784	849	0.8989729503236201
665	1011	0.9418101205256083
518	949	0.9480211063758165
764	949	0.8973345062065712
970	1011	0.9330521388402195
790	1001	0.9404220118970636
820	835	0.963161664532997
931	949	0.9277762066602553
518	610	0.9656548065670348
459	1048	0.9669845353241862
970	1159	0.9530090503700686
525	855	0.9126090788304355
446	575	0.9474039419442029
849	1048	0.9491018875323334
446	740	0.9435886324978309
605	697	0.982241163379975
735	1001	0.9806559094274289
519	784	0.9396081793413602
849	964	0.9730030926853799
979	1132	0.9135895488071238
1019	1159	0.9844329323786529
564	1096	0.9553153493273134
518	1196	0.9582994394056448
735	890	0.9512637919008823
459	798	0.9909252813749403
596	833	0.9796903716684362
727	764	0.9788676595240078
890	933	0.9455008762622602
564	1159	0.9691568823465475
239	1019	0.9194668851020791
735	964	0.9638636549070714
697	882	0.9184987563588669
388	697	0.9031793023674415
813	1196	0.9627492745789672
890	902	0.938991900354689
849	993	0.9552864871707105
849	1025	0.9527409775304964
388	676	0.9073666790565784
610	1025	0.9738399571506481
446	855	0.9774650907295477
563	798	0.9701918431568479
762	896	0.9292287087229214
655	833	0.9672010824231277
890	1048	0.9231456476929472
657	735	0.8975964699314849
676	1001	0.9526408835524625
83	813	0.9647161897054787
525	655	0.9128724990662971
735	1159	0.9440566994906352
454	1019	0.945837398015795
103	596	0.9508454289586163
596	655	0.9711045609834621
1031	1196	0.9185334147758617
562	939	0.9018664341837301
459	949	0.9346676057934168
835	882	0.9960381203667528
103	564	0.9720461661898139
425	575	0.9570639835597601
425	993	0.9151352363669318
993	1196	0.9660263803874876
1001	1159	0.9680539402270667
655	868	0.9261551678996585
656	657	0.8919114093048911
762	1145	0.9820656588373986
563	849	0.9631417151398414
833	849	0.9824937760976968
813	902	0.9724196570369729
564	835	0.9844369603104293
727	949	0.9517315315565213
519	882	0.8993940435342436
564	964	0.9825073832839506
657	979	0.8967100835989887
454	596	0.9625431011213138
655	1002	0.9576103879125404
460	899	0.9626426016682144
425	764	0.8989981439591015
425	933	0.9357900775129897
222	446	0.965020457843714
563	697	0.9465884776978782
665	1096	0.9422781169827343
519	970	0.940935753777419
596	1145	0.9626697713181024
610	1096	0.9406402777480065
575	792	0.899444515157102
425	784	0.9434892946390417
460	735	0.8971865396566894
882	1048	0.9795898385830788
446	961	0.907750070743176
518	1002	0.9562858420546282
798	961	0.9347151297878793
638	656	0.932308679765525
833	1048	0.9740745119870857
239	1196	0.9219481130888999
644	676	0.93012714207111
890	895	0.9283672079250844
454	890	0.9039789639541447
792	882	0.9762894200111983
961	1145	0.957692750047507
740	1196	0.9676053126643462
519	564	0.9045905309111046
676	870	0.9080481206709132
657	931	0.8955943144216036
222	563	0.9295901666592085
676	1002	0.9472084330359853
610	1048	0.9075414725033835
525	792	0.9076823437049482
519	933	0.9415564549145145
685	755	0.9496386897937418
792	1159	0.968163779454779
820	1002	0.9717140544541434
564	993	0.9625131768564388
961	1159	0.9316975084098494
222	709	0.9030366175332536
833	943	0.9214310924543169
459	895	0.9498515651858641
993	1002	0.9523161889988307
254	446	0.9466796596709777
103	386	0.9739959175926896
605	902	0.9523783523258272
895	1196	0.9444624489230574
575	939	0.9223607829892061
792	1025	0.980228914804071
254	870	0.9129408549042469
849	931	0.9542365106089767
655	1011	0.9554141247782146
519	1048	0.9027277303981418
459	993	0.9682217978771305
895	961	0.9114170232393086
425	727	0.930968519275386
740	762	0.9378040923171422
655	895	0.9402476802658433
563	610	0.9506334959252221
644	979	0.9383486843805297
446	735	0.9781826777587077
254	454	0.9247283314581758
459	964	0.9831670751782057
735	740	0.9363575399965517
735	1019	0.9610784697226239
459	564	0.9738780136135199
735	961	0.929289235027902
83	882	0.9763579090214431
222	833	0.9253304231981413
835	902	0.9801199482018031
970	1019	0.9221190756896521
519	833	0.9188912776004894
784	1011	0.900578658094624
222	737	0.9221231163126673
454	849	0.9545751665347126
575	709	0.9147548105869772
882	1196	0.962055694976875
460	835	0.9550111891192576
519	563	0.9392657487892914
459	1025	0.9602823272437799
518	575	0.9198011877072183
931	1019	0.9385624145446536
446	1145	0.9036275142546093
725	916	0.8924141703401698
835	890	0.9304097862379872
1025	1145	0.8996315191551123
979	1031	0.9360372291548318
564	961	0.9481976210590337
1048	1083	0.8970465552652105
254	798	0.9574326107771176
519	798	0.9614859240286675
655	902	0.9635435565623536
813	895	0.9380566107972124
762	943	0.9503387207407192
655	790	0.9506028280894546
103	849	0.9460777667575737
83	227	0.935086720927311
519	835	0.8974728083286925
740	813	0.9906364708634914
446	916	0.969146482282121
254	1025	0.9489189742809362
655	882	0.9617740282961752
657	790	0.895950286950723
446	665	0.9809592007210794
899	1002	0.9853311737270453
460	798	0.8940989422143795
575	890	0.9316355987205047
939	979	0.9020586342493316
835	1002	0.9918942997639129
813	1145	0.9732483411663916
610	798	0.9721899850231532
740	882	0.9787819342851678
849	902	0.9561563662667723
446	755	0.9002102248549214
833	902	0.9726675973380823
762	1096	0.9275183492252277
762	961	0.9283127463368821
916	1011	0.9168651602902371
605	868	0.9241899659493259
798	1159	0.9488308543903985
386	835	0.9856738231788742
784	916	0.9326804770178365
870	916	0.9476062102923031
855	882	0.9086157540259083
386	564	0.9582064499904752
895	1001	0.9700445054292945
386	964	0.9677873806659254
895	949	0.9019953346428606
792	835	0.9733166576716255
655	939	0.8961282769010497
525	563	0.8981191667448363
575	598	0.9011037859719774
525	890	0.9319296378311288
665	798	0.9835037307920764
755	868	0.8991074745286145
103	1159	0.9547807143692193
575	931	0.9071385079068934
459	1096	0.9613449676921675
386	563	0.931382357515489
855	895	0.9424272226880723
725	755	0.9143207675758513
519	665	0.9695629209450574
446	563	0.971612250109815
882	1002	0.9915232366160918
882	1001	0.9797731427347052
709	784	0.9128017181196757
855	902	0.9233464436821066
564	644	0.9035323027880797
596	902	0.9693125634988288
388	949	0.9328156529871892
103	916	0.9114312007214048
563	870	0.9243896290146252
655	849	0.9626344570633066
525	784	0.945256942887581
762	792	0.9239701551211847
849	943	0.93380144197363
902	961	0.9366800213639197
596	1096	0.9791863847807711
740	1019	0.9478046687341195
656	725	0.9531341756301769
655	709	0.8984554969096552
610	833	0.9428853255968235
792	964	0.9807651271718077
835	1159	0.9789336166876119
254	460	0.8932565913818195
709	855	0.8941879090460644
83	902	0.9559679558070813
813	943	0.9475141054256103
575	676	0.9240446287231239
610	1196	0.9065599479707376
755	764	0.9252226267587403
855	1048	0.9245348682069361
446	882	0.9368709802842726
564	1145	0.9783593745649111
446	725	0.9114714939752644
103	1002	0.9704277795125598
239	993	0.9063903286102579
386	820	0.9817488355151192
525	933	0.9210649739763965
784	1096	0.9018789845173708
740	870	0.9291172961819794
459	519	0.9399341883790473
813	1019	0.959529963605532
103	518	0.925138132899838
644	849	0.9351049779554614
644	727	0.8933136251125697
895	1025	0.9573717119764981
103	993	0.9237623097830838
83	1002	0.982735197417545
798	1096	0.9520858000974515
644	813	0.9415195220524042
676	1096	0.9190212238385146
610	655	0.9550232629833195
709	870	0.9040535588636572
596	964	0.9840855538260185
446	868	0.9443717932212562
792	870	0.9422681164938029
564	916	0.9474923932975712
890	1011	0.9250365278233963
83	993	0.9138863275325764
855	1011	0.9069126517643682
388	764	0.9261607102323944
943	1001	0.9090887884157186
993	1031	0.9244838303692822
697	784	0.9483165977697846
638	727	0.9226738487825858
820	1011	0.9692499508616965
709	949	0.9334207439927008
525	727	0.9492964984723364
254	931	0.9400938947493478
222	655	0.9293320523743132
446	902	0.9539116303657407
1145	1159	0.9560941967636102
737	933	0.9755770886806039
644	870	0.9591958410059495
454	563	0.9374450755453274
254	868	0.9097465135034275
386	1096	0.9614123335898581
655	993	0.9598400527350796
446	1159	0.9376212640027448
737	949	0.9542632523110239
657	855	0.8953018739716347
254	1019	0.9214967864295032
697	993	0.9562934861221791
870	1132	0.8929884456905461
563	1096	0.9525302898972026
563	1145	0.9398140570499789
386	1011	0.9788946629854782
525	665	0.9290005159469394
870	931	0.9343421734933607
798	870	0.9207332245926845
222	890	0.9679129021193265
813	820	0.9493249557957713
644	895	0.9123757800675005
1048	1096	0.939201802835175
813	949	0.9014074529852043
784	949	0.896407063734414
657	697	0.9256157393780909
895	1019	0.9729592902803905
425	1025	0.9316612365677102
454	459	0.9668389192027783
519	979	0.8995453730633722
605	835	0.9419895921553427
790	882	0.9279134791180923
254	525	0.8948550136118301
610	790	0.9217694593138664
890	1196	0.903514937148278
949	964	0.8999381381558822
665	855	0.9608637721548388
425	697	0.9143346092334568
798	939	0.9123139583980031
902	1002	0.9713399886815868
605	1011	0.932113309663127
563	931	0.9776652325070605
833	896	0.9110942314653949
820	882	0.9625541068558299
563	657	0.9256058620308969
446	933	0.9322471284706417
727	870	0.9097472121740526
596	610	0.9476297772834981
525	575	0.9498212773785537
254	676	0.9541479772079471
222	790	0.8965722546556162
792	895	0.9530742645907436
798	1025	0.9709967537784876
446	1096	0.9239938616919372
9	386	0.8934669897420784
896	1048	0.8959095349089373
460	1019	0.9199220675157348
575	949	0.9364374561382169
564	890	0.9309539651923722
644	1011	0.906859995788861
459	518	0.9813298463850879
388	644	0.9016428050828307
222	610	0.9618825918455756
562	737	0.9422225786819842
784	855	0.9232292246664058
656	685	0.9314149654086682
454	784	0.8965879448157896
890	961	0.9068064002242348
725	868	0.9189551201541217
227	762	0.9006688647954433
222	727	0.9312115821115101
882	961	0.9660818849974424
596	849	0.9744506460434852
820	899	0.9681745405687181
882	943	0.9467527109423365
676	890	0.9459062147407822
525	709	0.9476774351147573
460	961	0.9444899664285284
676	949	0.9135483464031907
961	1196	0.9049906050307042
790	1196	0.9392226581797791
868	916	0.9120978314072409
563	1025	0.9728987136586866
83	970	0.9206937601713063
727	855	0.9180850298691904
665	882	0.9577701746196512
890	1025	0.9715530593866095
459	820	0.9437439587701217
890	970	0.951452691839751
605	813	0.9616891582074176
655	870	0.9154121981837795
564	849	0.9659194528458858
735	1096	0.9206678138204274
83	518	0.9193623626943787
254	1196	0.9317922234298288
993	1019	0.9572673735297675
870	979	0.9383985293148494
564	792	0.963666126296149
564	655	0.9618362638644022
605	939	0.9304295037442187
916	1196	0.9615338616192967
665	870	0.936961038026128
459	961	0.9565680141367988
709	755	0.9097537513453087
644	784	0.9421660184422089
388	575	0.9633075270133844
605	970	0.9669575260783572
563	970	0.9598038871561316
605	890	0.9674631619434193
459	644	0.9440226783629034
735	1048	0.9700535237927108
596	1011	0.9719761463754814
83	931	0.8930400806792693
454	902	0.9651734853220124
454	835	0.9794793000726195
562	755	0.9164896559918847
386	1048	0.9527045989154023
890	964	0.9399571655770349
386	798	0.9401500165391703
425	792	0.9108398547794077
725	890	0.9143052968225348
564	882	0.9813163810654111
697	833	0.9338054005400842
949	1001	0.9113429860434513
833	1019	0.979749895596852
870	1025	0.9640811302384342
83	1096	0.9402579695123678
790	813	0.9324232928285028
563	790	0.951675711496212
676	849	0.9297150096767919
575	665	0.9444887773818096
222	933	0.9522325169013419
596	792	0.9900031360684689
563	1196	0.9559927471846296
388	519	0.9426364595082071
855	933	0.9394006587922942
798	835	0.9662886880107522
725	784	0.9394362624213372
820	1159	0.9070925388133438
931	1196	0.9364549047899241
735	790	0.9596947470453047
425	519	0.94833442473619
83	1159	0.9406805363230231
792	1096	0.9692307338138477
798	931	0.9564056026614387
697	964	0.9312470696675448
657	1025	0.918324103974824
605	665	0.9808034713590965
784	1159	0.8937586741845198
564	1048	0.9878801240601551
697	709	0.9399896664659738
697	949	0.9479994205429325
454	961	0.9522195967914502
784	870	0.9325525079500444
899	943	0.9485178350288495
899	1145	0.9855534951113887
961	1025	0.9086281916532621
820	1196	0.9014764996316518
740	1011	0.9663745459093405
446	970	0.9443974131970574
605	1048	0.9415068043460371
644	657	0.9455388069040155
459	916	0.9597943662455781
239	916	0.902667112476199
227	899	0.9060084735971947
676	1019	0.9249465604595359
762	1019	0.9372921043475742
254	610	0.9367305381936725
596	1048	0.9592797005747091
519	916	0.9584686538281693
9	72	0.9752048802482258
254	1145	0.9219310022097784
798	1048	0.9539450945783697
254	961	0.9194550662788329
655	784	0.9590227254487362
446	1019	0.9338823822887731
222	798	0.9551545235748033
459	870	0.8998403758210815
644	964	0.9431732501467178
1001	1025	0.9544604305828416
855	1001	0.9433113251857941
740	792	0.9894320386765545
644	882	0.9175617072439957
790	899	0.9026469572619535
870	895	0.8966994587043987
790	993	0.9585997017121721
835	849	0.981314376039135
425	870	0.9118291564656109
564	1025	0.9452076438797208
665	949	0.9499326308762093
902	1096	0.9480158305661546
870	1096	0.8956706654826556
1001	1048	0.9803345803431747
657	890	0.9163482697522538
254	740	0.9527442326982729
518	899	0.9476821986026488
459	896	0.9208651508834356
665	1048	0.9633765621174921
575	657	0.8938947206311307
83	792	0.9305914226933458
740	993	0.9729964192083478
610	890	0.9767469276057743
784	798	0.9418476131935292
735	895	0.9534389278735487
9	51	0.9186865763407083
790	902	0.9555151002726945
446	849	0.9491013134065656
1025	1159	0.9529183532650208
605	882	0.9447129796670386
83	916	0.8949833895673581
964	1145	0.9715050332415893
792	961	0.9360326444598451
725	949	0.8968127900101247
833	899	0.9795714200235253
697	855	0.9466814784750968
727	939	0.9569113220953491
835	1196	0.9603734194270054
833	916	0.9621280443480863
596	890	0.9504985230099947
970	1196	0.9573832304918533
425	644	0.9180764198934854
519	931	0.933740132065088
820	849	0.9389872049462722
460	964	0.941014460986197
460	1145	0.97545946324807
855	964	0.9219720910630991
605	1019	0.9253331717210322
388	709	0.9297206104760065
227	1002	0.9025847159099136
657	939	0.8947316450123683
222	1001	0.9286485331799026
933	949	0.973340757135556
425	868	0.9558426488505236
833	1145	0.9685292680938928
425	676	0.9427594671400292
740	896	0.933069143780646
388	784	0.9109930602733778
737	755	0.9199978081147625
792	813	0.983475997165391
446	993	0.9645574427891286
596	970	0.9793422129399216
610	657	0.9156159230030091
762	902	0.95303065974596
575	868	0.9436245491300579
596	813	0.9934364169989156
833	890	0.9433948051870498
460	1196	0.8956526645933753
798	833	0.9706601060516827
386	1001	0.9469513779982867
798	895	0.9463810671287407
656	727	0.9283886530222903
459	890	0.9684784421437634
83	762	0.9771807055777649
899	961	0.9797661241104323
518	1019	0.9548266997891781
697	1031	0.899233627289895
882	964	0.984220846579245
605	949	0.9410870957246396
446	835	0.9385069676312374
563	949	0.9140361208820592
849	1145	0.9620990459749447
446	870	0.9315970512212494
564	1002	0.9694888775530563
899	1011	0.9911342639694792
939	949	0.9481276244243265
735	931	0.9290935207408184
518	798	0.9862727671490863
899	1048	0.9674810438669067
868	870	0.9024487886899611
644	1025	0.9741499027771698
446	798	0.982459651218982
518	1096	0.9508716320840613
575	725	0.9264317882754411
610	709	0.9121697054641549
518	993	0.9848996570973914
656	755	0.9274826257773692
1019	1196	0.9572978901874067
735	1145	0.9455480166338276
943	1145	0.9553555289788085
254	916	0.9407530250766276
519	870	0.9450452724368912
784	882	0.9149545483924157
665	727	0.9056773945011274
665	676	0.9785368949060342
895	1011	0.9313133739035347
518	939	0.9035542646581385
790	1096	0.9217150712008715
610	737	0.9225635799891698
762	1196	0.9194748887182087
598	949	0.9127385684605219
762	1159	0.9213581276256686
563	740	0.9715259834971532
849	899	0.9843869162771062
386	902	0.9615786300740148
902	1159	0.9604582859285609
425	610	0.9212175175937665
386	899	0.9827647096631589
103	1025	0.8961366516843834
764	870	0.8947939548318836
519	575	0.9598984771607877
103	460	0.9467727862620392
460	833	0.9287308620969126
222	855	0.9583257477535279
525	870	0.9618607130993015
790	895	0.9273534474375595
916	1025	0.9757032349956987
519	1025	0.9633541054593107
665	961	0.9150418939148119
657	709	0.9051341399100039
563	964	0.9785723206909693
9	227	0.9512512792976446
459	813	0.9857273082014788
103	459	0.9437398277012752
103	833	0.9605980483227667
1011	1048	0.9655788525987622
961	1048	0.9385127327043667
676	820	0.8984673018701175
916	949	0.9384540287182161
388	870	0.9138028934617379
446	564	0.9510218994469737
657	665	0.9273647133901466
882	1145	0.9859077620823354
727	798	0.9036265581436989
737	798	0.9002052167558374
222	970	0.9234545038939703
83	665	0.9046889236165112
833	1159	0.9870993864252522
676	784	0.971854446601965
964	1019	0.9652526455559207
813	870	0.8974015325469091
454	1096	0.940329040792452
792	868	0.9072800641895414
735	762	0.9292784624512556
563	899	0.9554059736211502
575	979	0.9219063176367668
798	916	0.9737450955643201
676	855	0.939966200870283
798	1019	0.9413300919123025
83	1145	0.9858707579824888
916	1001	0.9472642262367788
103	1196	0.9523979153810499
835	895	0.9542057165646975
735	835	0.9606455169186352
460	762	0.9625917045806023
792	833	0.9812092960011748
605	1002	0.9385703904573088
792	949	0.9314903116152423
1002	1159	0.9597288459796707
103	792	0.9342302542801113
792	1196	0.9701496639554796
564	784	0.9196433110952805
784	970	0.9264867403769081
254	790	0.9045829892680353
882	896	0.9254966165812352
784	868	0.9095784412490365
518	644	0.9455796444352165
890	1145	0.8927482770958755
798	890	0.9855120930341095
254	563	0.9651821274773597
657	676	0.9444478208439595
518	1048	0.9667686197668743
446	1048	0.9460720133965026
784	939	0.8985814700614541
386	762	0.9802146238164923
103	605	0.9016470495682544
563	676	0.9641366758205225
605	1096	0.9549768937346117
676	916	0.9550122349208896
386	1145	0.9888293174329967
931	1096	0.955914330339014
425	916	0.9080749946773965
222	605	0.9453091263644724
656	764	0.9293787418137761
813	993	0.9660155478418881
784	1002	0.913142577372404
563	564	0.9714432452174265
916	1019	0.9398711852922312
644	833	0.9423241668738636
870	970	0.9334101277469891
740	1048	0.956449550691959
655	1025	0.9615676774712525
833	970	0.9638788236966347
454	820	0.9743127552568618
562	868	0.9203735864809839
813	916	0.9545393515837994
833	882	0.9906906841170144
562	709	0.9283957241528756
386	993	0.9270473655880844
563	1019	0.9622048964214178
519	949	0.9661675805305311
813	882	0.9873523215120039
596	835	0.9809752967168908
575	737	0.9229919548234857
562	727	0.9499162311802162
697	798	0.9690582262740433
902	993	0.9651386443688328
103	1001	0.9506716608006511
563	644	0.955217856411682
676	896	0.8981706476739975
254	1096	0.9274776424977729
882	1011	0.9861580023701639
870	890	0.9318235720850464
459	657	0.9193683937596837
564	762	0.9510910073179407
605	1001	0.944746048416332
855	868	0.945067698373805
735	849	0.9510977015537305
685	725	0.8969717188931816
83	1048	0.9547750353513229
103	1048	0.9588623139849967
709	890	0.9412902558252831
446	610	0.9686586902263703
813	1096	0.9834790332799404
961	970	0.911816048900215
222	1159	0.9124420311541943
902	1011	0.966467349961568
103	899	0.9723748279387645
895	1096	0.9256385486537073
762	882	0.9624194007831925
762	964	0.9595821514249325
454	1025	0.9035713395150966
388	610	0.8948785645946578
725	870	0.9375488108319812
459	868	0.9117595082365577
446	792	0.9604405314052896
388	605	0.9006571005877765
961	1002	0.962844098599325
83	103	0.9761738247093582
518	605	0.9750482135466987
51	72	0.9226580130350888
254	964	0.9522307466790748
519	1031	0.9000472598409244
519	1159	0.904535013895968
735	1025	0.9400904009818878
644	1159	0.9142690869170256
665	1159	0.9544273694652392
902	1001	0.9764162347079819
764	939	0.9383642792620805
792	1031	0.913594629581463
519	1096	0.9042820872044901
644	740	0.9628432787649491
943	970	0.9028528344602547
740	1145	0.9561847940608106
454	970	0.9314183293928813
676	790	0.9616570098150365
564	855	0.9255510878228936
386	916	0.908004306981265
386	890	0.8975282705692402
833	1001	0.9848698453716658
813	849	0.982779354989193
227	820	0.9344304940268697
916	1159	0.9624309151217025
446	638	0.9012130647273947
820	943	0.9769912429434842
575	1031	0.9254930358285223
964	1048	0.9792505835104507
454	518	0.9417148065874306
902	931	0.9313097103338767
740	890	0.9499560841881451
855	949	0.9533990977958067
655	896	0.9038947606465253
386	1025	0.898854549220965
564	902	0.9865041890718627
564	833	0.9814449635413407
519	993	0.950742798716832
518	665	0.986777317157445
83	740	0.9436797680050718
386	676	0.9188998013202401
564	740	0.9630969487185106
222	895	0.937798842340924
596	665	0.9645493315153182
855	993	0.9495139596381275
519	562	0.8991554673375861
870	933	0.8925805587390527
676	961	0.9066550012849406
563	993	0.9793865160262403
222	254	0.9165396020941095
254	1159	0.9363113053546126
563	820	0.9015075151487544
882	1019	0.9768235380829137
596	676	0.9533586251645019
1002	1048	0.9717403343418536
454	899	0.9749796223719622
103	964	0.9610651996013154
518	1031	0.9051196871022609
895	931	0.9714431936368537
425	709	0.930435492545008
902	1025	0.9416395002837862
518	896	0.8981166260287659
222	849	0.9263188819568353
638	665	0.8948270690319191
575	798	0.9094900993535874
103	563	0.9334472674025331
676	735	0.9680026344905863
855	931	0.9385817015681857
518	525	0.9118922850538984
459	605	0.9641208196860767
562	575	0.9278314547169959
833	993	0.9771459530664868
833	1096	0.9723830015265311
446	964	0.9516974734760187
676	868	0.9193597591683678
868	890	0.9633386842436849
1011	1196	0.9391454357424289
605	655	0.9682791429144136
460	849	0.9331733047252921
425	655	0.9232154122064431
518	916	0.9814709747143193
964	1002	0.9823896822391708
596	899	0.9656158015670255
605	735	0.9426308372719856
596	1196	0.9647014405044607
697	735	0.9287410754989815
820	1096	0.9171213900116478
459	1001	0.980996693193379
388	727	0.9403407842533684
386	605	0.9141331490804654
103	896	0.902715877334654
697	868	0.9456824167275755
813	835	0.9896198606517339
425	798	0.9195823598055812
737	855	0.9203042907402454
740	902	0.9610039435870503
605	979	0.8978018235528336
790	833	0.9373495590748282
454	1001	0.9571610295145674
835	1025	0.9407055327328961
835	896	0.9322409749982516
254	970	0.9495410610085775
685	764	0.93579580806334
222	598	0.8970034606702015
222	564	0.9036129977808318
1025	1031	0.9331166722337101
518	820	0.9018507145114782
855	1025	0.9588233236430788
697	933	0.9040009136272201
638	737	0.904635257488853
764	933	0.921699707637246
103	798	0.9191089643438123
890	1159	0.9190488583651926
610	784	0.9163227637780579
813	890	0.9422990913476532
644	709	0.8975913095889563
388	890	0.9195347528026612
386	460	0.9764399797119427
518	740	0.9692531003088671
740	1002	0.9803014240466119
103	970	0.9211511268459185
459	740	0.9784404760194634
762	813	0.9536169512204824
790	849	0.9083067479485547
644	939	0.9327325704182504
454	665	0.9342140769033611
596	735	0.9416499298981076
855	1019	0.9115720219950246
425	939	0.9229553532095396
83	835	0.9822506591787734
605	916	0.9733973957887571
575	655	0.9076196773217289
459	835	0.9850144447609818
657	993	0.9146393204292729
454	964	0.9687864083830742
459	596	0.9844903880242224
222	964	0.9071098416813125
525	916	0.9139830457547029
454	460	0.9757621925112925
656	709	0.9269430953992933
254	899	0.9355048959067311
460	1096	0.9139701142267637
644	993	0.95385296996645
596	895	0.9302214888922915
446	525	0.9264570640744573
676	697	0.9438176717264983
833	964	0.988052140464788
665	916	0.9770486004791454
697	895	0.9185667752734421
931	961	0.9092704841919497
820	896	0.9082855260171232
525	970	0.8949060091754918
665	933	0.9047118414463962
970	1025	0.9623484069209332
665	1019	0.939428873608759
446	459	0.9694826435888271
103	1011	0.9657002719290468
943	1096	0.9084860639495251
519	902	0.9170822937665608
83	899	0.9835586176588728
899	993	0.9398418278799867
676	1196	0.9352036239724684
813	899	0.9782599986401765
665	762	0.8993329261668432
709	939	0.9619843900148217
460	943	0.9728444807121175
835	1145	0.9887881518597046
1025	1196	0.9433242479441575
605	792	0.9781935850058256
525	939	0.9453558131692338
605	657	0.9300258673938557
697	1025	0.9684298636944888
605	855	0.9408686194396272
564	1011	0.978314398747901
655	1159	0.9415428033873332
1001	1011	0.974284735613735
454	993	0.928710577208631
870	1031	0.9576738587959952
518	784	0.9410623751284912
798	820	0.9065997626374994
519	792	0.949022682023938
697	792	0.9613584751917782
740	970	0.9777271204918658
575	855	0.9445693959414976
855	970	0.9136907368764071
835	1001	0.980577110938383
895	1145	0.9204699277934711
725	933	0.8932095420682615
676	1025	0.9501856047097196
644	902	0.9080373513258022
254	1104	0.9079023524194676
519	939	0.9507789644109856
665	964	0.9621480397945492
655	657	0.9420695097533043
459	902	0.9756137299077823
525	610	0.9165684251996711
605	790	0.9449061092238016
899	1019	0.9715389905728622
709	725	0.958055683479722
222	902	0.9008493884923463
665	1031	0.9118592760071398
519	525	0.953881467694868
792	970	0.9811434283175411
784	1001	0.9212930229173433
596	820	0.9390515901010651
454	1145	0.9798420834849713
665	790	0.9519431060419077
835	855	0.908947766898751
446	949	0.9624921520675331
790	792	0.9427960715758943
605	899	0.9208011865212551
596	1001	0.9604627729951009
644	725	0.9082439067749695
525	725	0.9628317931713885
784	964	0.9349619532956446
518	735	0.9652539945045643
605	961	0.9017538370761166
735	833	0.9605274914199313
890	949	0.9766107665957777
575	764	0.9138181215553027
813	1048	0.9587109014142385
563	882	0.9728377994697188
1019	1048	0.9709414686934131
644	899	0.8953830008767718
596	931	0.9570601035831239
697	939	0.9500233077804361
655	964	0.9728077987339215
895	916	0.9622416338283701
222	740	0.916644023440033
762	1002	0.9778487174662971
454	813	0.9694025364977896
835	993	0.963832226238708
596	855	0.9123302238847384
1002	1096	0.9684187537066349
1019	1145	0.9714901539599958
519	964	0.9151522709237929
564	899	0.9742179574899701
939	970	0.9015519969212843
605	656	0.8955227659913209
103	902	0.9644261150412687
931	1145	0.9056270822598012
9	103	0.9059279466606691
896	899	0.9201727250014721
655	961	0.9292212602954929
575	993	0.9192686155541738
519	725	0.9370792623583892
425	735	0.895746782334145
460	820	0.9887800858437795
1019	1025	0.9291830809145079
813	1001	0.9641788922333117
459	1104	0.8946150659571934
454	1011	0.9724895747825936
979	1025	0.9203333509811094
1001	1002	0.9627906804763291
227	460	0.9422228668006309
792	1048	0.9629430881100205
459	460	0.9316049401014648
798	1002	0.9578379540147751
655	1048	0.9615526469341127
790	855	0.9221630490385214
610	916	0.9599530436609438
792	798	0.9780961549081655
518	655	0.9750594080797015
697	727	0.9332201061423038
525	1031	0.9130503934231984
610	939	0.9406759952303669
596	961	0.9466188305626014
563	605	0.9650854024281984
665	813	0.958680619310057
676	1145	0.9247412509795501
890	1001	0.9486238065568017
943	1011	0.9504016296761056
386	790	0.9038533926209933
562	764	0.9520660056396361
870	949	0.920879098618401
103	676	0.8959254819197111
446	676	0.9655381717566296
239	833	0.9047553442648134
254	596	0.9601728961062006
454	895	0.9051544392890578
902	1019	0.968090815480876
103	665	0.9029539891935137
388	737	0.9209292963432814
388	868	0.9540621022530731
644	790	0.905599680014659
655	970	0.948744779463189
657	964	0.9061659973994618
656	868	0.8963182999294856
939	1025	0.9316238868887226
222	697	0.9478306435324295
655	676	0.9765363824212776
655	813	0.9658815595670438
1011	1159	0.9548847118965516
644	1048	0.9016832903405521
446	784	0.947853761410625
655	949	0.9380471439478335
676	835	0.944681212541469
735	855	0.9507919188685302
1002	1145	0.9871988708500523
764	890	0.9031675323235948
386	454	0.9835320536215739
103	943	0.9246164080147148
386	1002	0.99382302288025
933	1025	0.912004357454895
459	899	0.9751940717083121
961	964	0.9460230829232352
446	1025	0.9720737945809272
740	835	0.9795810016007607
446	596	0.9464431789212022
610	1159	0.9294708094603801
459	833	0.9840169040036684
563	735	0.968373100451736
740	849	0.9729877861648147
563	575	0.9086110473916396
916	1031	0.9219760144410799
425	518	0.9257560100743607
388	598	0.9021033444372604
644	1132	0.9022219025410751
563	665	0.9760825125525716
798	902	0.9693163736697388
610	933	0.9320353019609464
610	1011	0.9153011511298903
519	727	0.9503469104343967
798	1196	0.9355477951619502
598	855	0.9160734854831525
790	870	0.8973178036636706
446	598	0.9021321078092006
446	454	0.9073994160315928
564	1196	0.9654644042529812
737	939	0.9264346361812277
735	798	0.9697083245490089
685	727	0.924892137406986
735	970	0.9237507536723069
790	1025	0.9325172564996269
638	697	0.9169293092833739
895	993	0.9719342459334543
446	697	0.9653300446467519
943	1048	0.9038417143993371
563	762	0.9145975812174508
459	1159	0.9600897384010305
460	902	0.931234357759015
459	665	0.9758495250098128
685	709	0.9251211011739922
575	895	0.9124558362836517
254	1048	0.9419496720383667
882	899	0.9919795008622465
657	740	0.9143152472590332
896	964	0.9188916232209672
386	833	0.9631491134842859
598	979	0.90588653018508
933	939	0.9329186253444168
83	833	0.9563727516742055
563	596	0.9671886778742828
790	1011	0.9072054006995849
518	849	0.9639613843041119
83	896	0.9277569559376833
83	735	0.9240153672889105
697	764	0.9061275914716151
454	740	0.952115778676003
596	784	0.9388107009048734
425	665	0.9446261860939171
103	813	0.9621429825609343
460	813	0.9427011169541126
949	993	0.9330778763039749
638	755	0.9304672384419458
454	943	0.9627998640830493
425	657	0.926497369915487
655	1196	0.931700336445271
388	1025	0.9134914910207456
454	564	0.9627778049855056
446	644	0.9450702689931132
899	1001	0.9734491207958786
882	931	0.9523595914175849
575	755	0.9018837222997145
657	798	0.9216386996923323
792	1145	0.947788685521161
740	855	0.9142960582052027
576	755	0.9162685536079072
735	899	0.9506390378328091
83	459	0.9530260104428847
518	964	0.9724674801369024
735	1196	0.9242087181376495
740	784	0.9351318813223803
638	725	0.9061838579449724
519	638	0.9182670517211382
849	1001	0.9746631689208353
388	562	0.9309763324598515
227	943	0.9261682529128565
454	931	0.9022109542177188
425	562	0.9024146509602221
644	835	0.9150503105987295
740	943	0.9180113980707418
227	835	0.896496084161019
446	813	0.9410433913374381
735	1002	0.9425529512007792
916	1002	0.934096177883061
386	895	0.8962812582948376
792	902	0.9655432938789726
790	1145	0.9190217736711928
239	895	0.9380492199345392
735	784	0.9327281739475201
833	961	0.9538389726115462
596	993	0.9691261901846064
605	895	0.9382574911090402
970	1096	0.9544936513872283
525	993	0.9006728953512555
610	961	0.8934015955370422
564	798	0.960654217523022
519	709	0.9449951255447461
727	890	0.9434348500070192
563	792	0.9770800659886234
563	813	0.9680435072149398
518	1025	0.9766360966399587
964	1159	0.964312957639609
931	964	0.9575800582451826
784	993	0.9370809458700082
563	1031	0.9085957953730381
388	525	0.9503806140299438
1031	1159	0.8937932790968593
222	784	0.8993915590888784
222	870	0.9327845455204561
697	725	0.9433771474358239
227	1011	0.9045949538762585
518	895	0.9639651470740398
605	993	0.9731630846653323
222	644	0.9336836368549235
254	1001	0.9472796436372777
519	644	0.9484867305382568
575	916	0.928561570219168
525	798	0.9084714056656906
835	1011	0.9848910806544252
833	835	0.9912379933539957
740	1001	0.9584416070717798
518	519	0.961557723061039
902	970	0.9578862558542778
762	849	0.9298532111611171
254	425	0.9186336903261778
564	790	0.9525286538263478
254	784	0.9415565821926355
820	902	0.9475180369703744
454	676	0.9395702988321687
855	1096	0.9028506582488399
896	970	0.9218119503800299
610	1019	0.9085361862397524
868	939	0.9559704430879603
425	459	0.8994875085588347
798	855	0.9567073576307465
83	676	0.9034791023825994
798	964	0.9710891634223877
519	657	0.9257379329886859
931	979	0.8949631583884128
525	764	0.9406672968997022
386	849	0.9647257671894223
610	970	0.9497417464496182
790	931	0.9177662964578338
790	1002	0.9253291005886505
644	1096	0.9415109682199544
518	890	0.969105421837055
792	890	0.9595984198447949
735	820	0.9159688347605349
916	1096	0.9408911081292137
762	820	0.9731951720414316
665	784	0.9615082481410444
709	737	0.9481643765819864
657	949	0.9006931769152943
562	725	0.9192400913874923
798	943	0.9029075261107877
575	656	0.9035603835683388
598	933	0.9269264654857983
222	596	0.9105611277415429
949	970	0.9255157399985692
518	1145	0.9394873382540745
525	657	0.9229144046908477
638	685	0.946766053017065
454	1048	0.966893648721683
386	665	0.9193773497896361
425	1048	0.8929060917189915
813	833	0.985704814956577
83	1019	0.9535124604765908
638	868	0.9290667035107893
676	813	0.9456060507695245
676	993	0.9615868590655552
460	518	0.8946203023560017
605	931	0.9569532466074355
610	964	0.933936096213826
657	916	0.9094549435078428
564	735	0.973580280817212
899	902	0.9652182937774482
222	725	0.8955581413268144
598	1025	0.9025140076069751
697	1001	0.9206076996019951
254	792	0.9703873734562678
902	964	0.9770148469628104
563	655	0.971826444880202
798	813	0.9725996649544908
949	1096	0.8953066583891526
820	1001	0.9408350696805658
103	961	0.941138778823495
576	685	0.945112555210072
386	931	0.9061309731461956
820	1048	0.9427511935156803
849	1011	0.9878886931243872
605	1159	0.9450099491480334
993	1159	0.9748959932674919
882	895	0.9549875497640767
103	931	0.9054580966282166
835	899	0.9912770086835163
254	943	0.9065778171111445
916	964	0.9579029162946807
610	644	0.958856017703493
790	798	0.9511307858822311
931	1011	0.9279305653082909
813	1159	0.9699239988889745
83	386	0.9881083270994483
820	964	0.9453867112199955
564	970	0.935698585028856
222	882	0.8956997750495022
970	1145	0.9212123053665702
835	1019	0.979805803215549
833	1025	0.9637254125954238
792	1001	0.9636913352891098
83	460	0.9709406622486063
895	1159	0.9823212302364556
386	961	0.9574011333774871
83	254	0.9001131330120917
638	890	0.9123627249493409
899	1096	0.9608375964035423
792	896	0.9244031611304702
519	605	0.9695412115758957
964	1025	0.9570456810353987
254	697	0.932169235972415
1001	1096	0.9477522073387172
798	1011	0.9542495241497029
644	949	0.9437769373051731
459	1196	0.9436854501688543
460	655	0.9074975150538269
697	1096	0.9379235385755839
993	1011	0.9405462570819458
896	1159	0.9037916496074307
388	446	0.9173761649164753
665	725	0.9070386730954179
446	657	0.9232139340749026
697	1019	0.897122787160284
899	916	0.9196930762718758
882	890	0.9277049189501536
1145	1196	0.9473291462165716
895	970	0.934551993137594
564	665	0.958392795605967
833	895	0.9747211744986608
610	665	0.9626207210276001
518	790	0.9563474222734891
254	564	0.9377513489703531
657	970	0.9199617895380945
605	676	0.9601127058224812
931	1159	0.9711921462138724
610	1002	0.9099853534517601
890	1019	0.9058081677394176
961	1001	0.9520436940804229
425	949	0.941396652729199
916	1145	0.9092010982894305
575	933	0.9432613644968946
697	1159	0.9226203220035076
644	665	0.9516814603554865
519	655	0.9537569453454222
596	1002	0.9858907442744648
656	697	0.9199860131485638
740	820	0.9232185795197321
459	1002	0.9794069782530741
454	833	0.959912810941325
849	1196	0.9293472973278878
644	798	0.9529720048093593
725	939	0.9324755275475817
657	833	0.8935104375290674
605	610	0.9690899084478575
896	993	0.8941136358148227
254	993	0.9587127796967734
790	1083	0.9065562530314961
83	895	0.9007155192318723
792	899	0.9570461089248172
964	970	0.9607652590868991
970	993	0.9752494302556294
254	575	0.8987749295869779
792	943	0.9088929137032074
665	931	0.9626825028040407
519	735	0.9310352094418866
644	931	0.9668581611196407
931	1031	0.9169107867573048
676	895	0.9315781685035358
562	638	0.8949112831786414
518	833	0.974698471281585
519	740	0.9264974267928312
890	993	0.9539788102451326
849	1096	0.9744961025973291
849	961	0.9733191213770959
83	943	0.9596347192603377
902	1048	0.9817369490443895
562	933	0.927410219998871
83	655	0.916426697130335
644	868	0.9254112647097785
83	454	0.9771985607074762
222	665	0.9565787430171478
519	697	0.9762533133785762
596	762	0.9456369564861353
993	1001	0.9613227088394949
525	697	0.9361270219557218
386	459	0.966215323295001
518	870	0.933475299859486
916	931	0.9680889794393801
882	993	0.9632866950686871
790	1019	0.9330412825152004
518	961	0.925401123794032
740	949	0.9110001259714826
697	755	0.8923602049331689
605	725	0.9271837128958395
388	979	0.9244041489562135
849	890	0.9510337033062819
103	835	0.9791447852669098
798	970	0.9724862629959072
790	964	0.9566091390021678
792	1011	0.9621100911295951
697	916	0.9659038035576825
790	1159	0.9291485638252094
425	525	0.9554408160209007
222	1019	0.8971667993917238
665	709	0.9058002642130096
813	970	0.9742456728875404
895	1002	0.9226092802947308
518	564	0.9690052962318373
644	735	0.9047489256397481
222	1096	0.9025510891419711
519	855	0.9590777081985316
792	855	0.9315584671825896
833	855	0.9292985700707509
386	596	0.9739246619309732
638	798	0.89541575435618
740	961	0.9396824510294063
835	1096	0.9706151042934958
519	895	0.9203753069223879
103	1019	0.9675181661293681
655	798	0.9805309330537304
610	727	0.9227885069427954
1001	1196	0.9395530577318012
596	740	0.9951498007575168
222	931	0.9450633438755764
239	1031	0.8933666535384198
727	755	0.9260685404375766
1011	1145	0.9813334351598105
676	792	0.964904403551976
868	1025	0.9240910716347969
254	735	0.9361747186755403
459	676	0.9622754217111085
798	949	0.9601202193158791
222	425	0.9225925919158191
882	902	0.9761569346549428
727	868	0.9659321815406257
813	1002	0.9889926544761665
676	964	0.961155972957484
970	1001	0.9344076592185373
798	849	0.9712767920516787
835	943	0.9462834786225522
792	1019	0.9488940600236857
792	820	0.9121342510388593
784	890	0.9339161028940399
993	1025	0.9766361027550126
735	902	0.9702913002975819
525	1025	0.9374780241097871
784	1025	0.9454547285593156
870	939	0.9430513950320989
790	835	0.9376739096265092
103	454	0.9624343846343154
735	792	0.9477346861429667
902	1145	0.9714677452411673
657	725	0.918589438241927
1002	1025	0.9302718601860462
784	790	0.9408122396375607
596	949	0.9131786824067931
931	1025	0.9794324950100357
896	902	0.9034226789846491
610	735	0.9357297796867672
610	949	0.9730674549805391
425	979	0.9206895536237638
596	798	0.9754576625495812
386	518	0.9336178795762599
454	762	0.9752657996662422
605	964	0.9560011593485168
103	254	0.8941478932869911
563	1159	0.972718841548367
564	697	0.9174817070185617
740	1025	0.9707273374212266
222	949	0.976927641718972
564	1019	0.9856517363152169
638	764	0.9195230762255668
459	1145	0.9647272185392853
676	931	0.9267027276612687
605	849	0.9433273364042647
9	83	0.9168980486008942
896	1002	0.9479668437655491
1011	1019	0.9654273647118574
519	849	0.9174253580655638
644	855	0.9297166044800425
849	949	0.9239271656833417
727	1025	0.9006872579812114
596	1019	0.9451234045665897
254	813	0.9565788847322488
525	868	0.9353836707176404
762	899	0.9586830900900534
813	961	0.9543544890334166
665	1145	0.9220165973844421
762	970	0.9109418265707543
902	916	0.9611062913646544
605	727	0.9064376993583738
896	961	0.8987386350923017
518	563	0.9751192208215915
784	813	0.9213218705981585
388	933	0.9474337785781742
813	896	0.9389431181585647
737	868	0.9537522670398736
835	916	0.9490587185189165
103	740	0.9489881715472188
798	933	0.9082094963538119
835	1048	0.9776159315178637
665	895	0.9625065865818234
685	737	0.910715620623288
943	961	0.9335060037913574
964	1196	0.9601778218749055
697	902	0.9309286356310722
697	931	0.9479020773571265
563	835	0.971108666222971
740	964	0.9834561494976832
657	868	0.9174318400302
870	964	0.9005576924290642
882	916	0.9462171936708688
83	820	0.9750096725688506
575	1025	0.9385907947289557
655	740	0.9652414259103222
676	798	0.9643381071251862
931	1002	0.932958709517621
518	931	0.9598394782538482
525	737	0.9132782575363163
655	1001	0.9729803314992337
638	655	0.8970847924373577
833	1196	0.9630857459630198
519	890	0.975593234897812
735	813	0.9471661580463329
103	790	0.9093249486674039
855	890	0.965889339847575
454	1196	0.931899210776393
820	961	0.9481192768025961
790	1048	0.9541322352785342
239	1159	0.92568805962261
425	890	0.9338844219101374
895	964	0.9485495968329463
83	564	0.9573873738172581
425	725	0.9116252377093126
459	931	0.9562430470029751
835	931	0.9520051170018238
676	833	0.9476185261587429
459	1011	0.9761695496185943
638	709	0.9404459697870255
895	1031	0.9094129561217656
833	870	0.9012680861066507
964	1001	0.9794282996191432
460	564	0.9354305008846009
656	737	0.9125337197377126
525	644	0.9369737087921884
560	562	0.9109409536490232
792	849	0.9711440967201355
727	737	0.9771072214631153
83	1196	0.9263450403855035
239	563	0.8927517639688768
790	890	0.9291908964099018
813	1025	0.9508924281586277
460	676	0.8936568521658323
813	931	0.9547974693361726
725	727	0.9526594749935233
833	949	0.9085078033898959
386	792	0.9516890277865055
655	855	0.9464572608084926
762	798	0.9206551958509461
835	970	0.9586420144806821
638	949	0.895617366068832
459	735	0.9729267481326397
454	1159	0.9368424920241052
525	979	0.9340021010108326
610	813	0.9406021259637528
222	459	0.9297255980522408
735	1011	0.9483680003772468
222	792	0.9346976850924871
564	895	0.9611766637487209
596	644	0.9559028205195714
222	813	0.9037797720478877
709	868	0.9651580323153768
798	1145	0.9356943237738291
1048	1159	0.9608523717555317
655	916	0.9536526091195278
740	899	0.9626398647750283
676	1048	0.9701641390039444
665	697	0.9685057740777199
665	735	0.9637121452814099
762	1048	0.9548293508230408
1096	1159	0.9625487799298735
605	784	0.9570512119114138
798	899	0.9499843410140902
388	939	0.9288704323976364
