1096	1196	0.948908683140328
222	792	0.9346976850924871
961	1019	0.9429012625191826
103	1001	0.9506716608006511
833	1011	0.9772395199024284
564	855	0.9255510878228936
564	916	0.9474923932975712
833	890	0.9433948051870498
446	735	0.9781826777587077
454	961	0.9522195967914502
855	1001	0.9433113251857941
459	610	0.9567395926756037
103	902	0.9644261150412687
870	970	0.9334101277469891
459	949	0.9346676057934168
655	1002	0.9576103879125404
697	790	0.9320641130397007
676	1025	0.9501856047097196
83	943	0.9596347192603377
1145	1159	0.9560941967636102
792	961	0.9360326444598451
835	849	0.981314376039135
605	833	0.9568994773043975
790	970	0.9311306610605492
459	943	0.9366126656469593
605	697	0.982241163379975
605	790	0.9449061092238016
798	1145	0.9356943237738291
83	835	0.9822506591787734
610	964	0.933936096213826
222	890	0.9679129021193265
446	657	0.9232139340749026
1001	1011	0.974284735613735
596	931	0.9570601035831239
833	993	0.9771459530664868
665	1096	0.9422781169827343
446	882	0.9368709802842726
644	784	0.9421660184422089
459	902	0.9756137299077823
790	1019	0.9330412825152004
762	899	0.9586830900900534
740	813	0.9906364708634914
1011	1019	0.9654273647118574
762	902	0.95303065974596
833	1002	0.9776768502814788
676	849	0.9297150096767919
610	1025	0.9738399571506481
83	460	0.9709406622486063
459	1096	0.9613449676921675
813	943	0.9475141054256103
655	1159	0.9415428033873332
882	1048	0.9795898385830788
222	855	0.9583257477535279
762	1002	0.9778487174662971
964	1096	0.969528055695521
454	1145	0.9798420834849713
610	833	0.9428853255968235
855	1025	0.9588233236430788
83	459	0.9530260104428847
519	605	0.9695412115758957
596	655	0.9711045609834621
697	949	0.9479994205429325
1001	1196	0.9395530577318012
596	605	0.9722228942707163
655	849	0.9626344570633066
459	1019	0.957185339952012
835	1048	0.9776159315178637
792	813	0.983475997165391
870	890	0.9318235720850464
676	902	0.9606956866584896
792	1002	0.9727391081503423
792	1011	0.9621100911295951
564	931	0.9382911732466793
882	896	0.9254966165812352
222	644	0.9336836368549235
519	870	0.9450452724368912
564	890	0.9309539651923722
459	916	0.9597943662455781
519	949	0.9661675805305311
792	1019	0.9488940600236857
792	1025	0.980228914804071
762	820	0.9731951720414316
943	1145	0.9553555289788085
644	740	0.9628432787649491
916	1159	0.9624309151217025
798	882	0.9617967417068656
563	1159	0.972718841548367
784	792	0.9471148580764861
564	740	0.9630969487185106
563	740	0.9715259834971532
916	1048	0.946790703315262
222	949	0.976927641718972
882	916	0.9462171936708688
665	1145	0.9220165973844421
460	1145	0.97545946324807
563	835	0.971108666222971
792	835	0.9733166576716255
790	882	0.9279134791180923
961	964	0.9460230829232352
254	895	0.9368196553948619
605	1025	0.9791220729025532
563	902	0.9647618559201991
890	931	0.9485987497179208
254	605	0.9497185155021799
610	993	0.9590552708943008
446	1025	0.9720737945809272
820	902	0.9475180369703744
835	970	0.9586420144806821
762	790	0.9277910791668376
820	1011	0.9692499508616965
655	676	0.9765363824212776
563	833	0.9854695084935468
890	895	0.9283672079250844
792	899	0.9570461089248172
784	1048	0.9367769909301202
855	916	0.9443764546048841
459	855	0.9391914510203803
740	970	0.9777271204918658
386	896	0.9408556251581879
386	820	0.9817488355151192
798	895	0.9463810671287407
1048	1159	0.9608523717555317
83	964	0.9565685040824896
519	563	0.9392657487892914
454	902	0.9651734853220124
103	564	0.9720461661898139
735	1001	0.9806559094274289
610	697	0.9685588565812594
735	970	0.9237507536723069
798	899	0.9499843410140902
222	993	0.944709830445126
563	970	0.9598038871561316
459	849	0.9835710011376062
855	993	0.9495139596381275
563	993	0.9793865160262403
970	1025	0.9623484069209332
460	943	0.9728444807121175
1019	1145	0.9714901539599958
518	1096	0.9508716320840613
564	882	0.9813163810654111
855	902	0.9233464436821066
103	386	0.9739959175926896
813	1096	0.9834790332799404
254	655	0.9632499152190217
386	563	0.931382357515489
386	1096	0.9614123335898581
83	896	0.9277569559376833
762	849	0.9298532111611171
870	993	0.935372362754925
386	1001	0.9469513779982867
676	970	0.9453018420684473
762	882	0.9624194007831925
895	1025	0.9573717119764981
459	798	0.9909252813749403
833	1001	0.9848698453716658
605	657	0.9300258673938557
931	949	0.9277762066602553
762	1019	0.9372921043475742
459	460	0.9316049401014648
833	835	0.9912379933539957
665	890	0.9746248163986564
1001	1025	0.9544604305828416
740	784	0.9351318813223803
655	762	0.9265590242668318
833	882	0.9906906841170144
454	882	0.9793010482522815
849	949	0.9239271656833417
835	1002	0.9918942997639129
518	519	0.961557723061039
792	896	0.9244031611304702
735	835	0.9606455169186352
1048	1145	0.9697658449750924
563	1019	0.9622048964214178
446	813	0.9410433913374381
518	610	0.9656548065670348
890	1048	0.9231456476929472
820	882	0.9625541068558299
596	890	0.9504985230099947
762	964	0.9595821514249325
83	1196	0.9263450403855035
596	961	0.9466188305626014
459	835	0.9850144447609818
931	964	0.9575800582451826
605	792	0.9781935850058256
386	564	0.9582064499904752
655	1096	0.9421421359404178
596	644	0.9559028205195714
518	993	0.9848996570973914
610	1001	0.9329023770723718
446	792	0.9604405314052896
792	1159	0.968163779454779
254	454	0.9247283314581758
1002	1096	0.9684187537066349
610	740	0.9507102941481065
655	899	0.9496770795210883
563	665	0.9760825125525716
784	790	0.9408122396375607
518	813	0.9681050817279286
849	890	0.9510337033062819
459	564	0.9738780136135199
792	1096	0.9692307338138477
459	790	0.9410510921066931
820	943	0.9769912429434842
518	949	0.9480211063758165
519	890	0.975593234897812
386	655	0.9370213239621105
222	849	0.9263188819568353
697	792	0.9613584751917782
665	949	0.9499326308762093
1019	1196	0.9572978901874067
518	1048	0.9667686197668743
1001	1145	0.9663928210639623
849	895	0.945273696043815
655	1011	0.9554141247782146
564	899	0.9742179574899701
896	1145	0.9258434940937258
460	596	0.9361835919967904
961	1048	0.9385127327043667
563	882	0.9728377994697188
519	993	0.950742798716832
454	735	0.9410358457023464
518	899	0.9476821986026488
459	1001	0.980996693193379
895	1011	0.9313133739035347
899	1025	0.9247379195073634
849	1001	0.9746631689208353
596	792	0.9900031360684689
564	1145	0.9783593745649111
518	735	0.9652539945045643
610	890	0.9767469276057743
222	970	0.9234545038939703
222	697	0.9478306435324295
813	882	0.9873523215120039
665	855	0.9608637721548388
518	564	0.9690052962318373
460	961	0.9444899664285284
386	835	0.9856738231788742
961	1145	0.957692750047507
882	1002	0.9915232366160918
1019	1025	0.9291830809145079
882	895	0.9549875497640767
518	835	0.9662208263649914
931	993	0.9726837047728989
563	784	0.9490675323168554
657	665	0.9273647133901466
446	1001	0.967612389332615
610	655	0.9550232629833195
697	931	0.9479020773571265
386	1159	0.9444651612251098
697	964	0.9312470696675448
735	895	0.9534389278735487
446	890	0.9825447287337563
798	833	0.9706601060516827
833	902	0.9726675973380823
454	899	0.9749796223719622
222	605	0.9453091263644724
740	1019	0.9478046687341195
882	1025	0.9449773021652472
518	902	0.9721306143085366
83	103	0.9761738247093582
665	1002	0.9456031535030497
964	1002	0.9823896822391708
605	849	0.9433273364042647
222	665	0.9565787430171478
563	1002	0.9552103541964136
813	961	0.9543544890334166
790	902	0.9555151002726945
254	676	0.9541479772079471
605	1159	0.9450099491480334
762	792	0.9239701551211847
254	902	0.9425932641880364
254	835	0.9448054633541825
1002	1019	0.9571916454452796
1019	1096	0.9498213816421072
813	902	0.9724196570369729
676	882	0.9488025520760609
970	1048	0.9367129590753114
970	1002	0.9572761682636963
454	820	0.9743127552568618
459	644	0.9440226783629034
657	697	0.9256157393780909
386	833	0.9631491134842859
644	1025	0.9741499027771698
386	735	0.923624726189237
882	931	0.9523595914175849
386	459	0.966215323295001
519	644	0.9484867305382568
446	1159	0.9376212640027448
610	665	0.9626207210276001
563	961	0.92982639127051
697	870	0.9524938388953922
460	902	0.931234357759015
386	1048	0.9527045989154023
596	798	0.9754576625495812
386	1019	0.9466504884704603
762	1048	0.9548293508230408
519	916	0.9584686538281693
790	890	0.9291908964099018
665	1196	0.9474138559898723
813	890	0.9422990913476532
605	798	0.9725083518933328
916	1031	0.9219760144410799
563	890	0.9497120963781134
386	1011	0.9788946629854782
697	890	0.9746895948060529
657	676	0.9444478208439595
563	735	0.968373100451736
697	855	0.9466814784750968
676	784	0.971854446601965
610	949	0.9730674549805391
564	835	0.9844369603104293
518	790	0.9563474222734891
605	964	0.9560011593485168
762	835	0.9709706513947981
459	890	0.9684784421437634
740	849	0.9729877861648147
222	655	0.9293320523743132
83	798	0.9259987268205767
1011	1025	0.9329947509740232
563	798	0.9701918431568479
386	1002	0.99382302288025
83	454	0.9771985607074762
813	849	0.982779354989193
446	895	0.956409410477188
563	564	0.9714432452174265
596	895	0.9302214888922915
855	890	0.965889339847575
1025	1196	0.9433242479441575
798	970	0.9724862629959072
833	855	0.9292985700707509
605	931	0.9569532466074355
459	735	0.9729267481326397
855	949	0.9533990977958067
227	820	0.9344304940268697
890	949	0.9766107665957777
665	916	0.9770486004791454
564	1196	0.9654644042529812
519	676	0.9481416282168286
849	916	0.9383714806423441
665	740	0.962517543990645
596	784	0.9388107009048734
665	835	0.9551991476536198
762	833	0.9402157441071102
798	855	0.9567073576307465
83	833	0.9563727516742055
964	1196	0.9601778218749055
103	882	0.9732262509038743
665	790	0.9519431060419077
83	1159	0.9406805363230231
596	902	0.9693125634988288
813	1011	0.9813093557698476
254	735	0.9361747186755403
849	855	0.9310584849650756
518	870	0.933475299859486
519	740	0.9264974267928312
605	1196	0.958574365509844
610	835	0.9232915954891454
519	665	0.9695629209450574
676	1002	0.9472084330359853
784	855	0.9232292246664058
895	1002	0.9226092802947308
762	813	0.9536169512204824
882	943	0.9467527109423365
902	1025	0.9416395002837862
735	1048	0.9700535237927108
605	835	0.9419895921553427
899	1011	0.9911342639694792
446	644	0.9450702689931132
813	833	0.985704814956577
890	1011	0.9250365278233963
83	1002	0.982735197417545
1001	1096	0.9477522073387172
916	1002	0.934096177883061
964	1048	0.9792505835104507
676	833	0.9476185261587429
596	1011	0.9719761463754814
459	882	0.9820291105585699
610	1159	0.9294708094603801
665	964	0.9621480397945492
655	798	0.9805309330537304
735	899	0.9506390378328091
964	1159	0.964312957639609
563	916	0.9708157359254679
1001	1019	0.9797150696884962
655	665	0.9754645884523406
784	970	0.9264867403769081
655	1145	0.9434748885566899
882	1159	0.9800914504777705
254	899	0.9355048959067311
899	1001	0.9734491207958786
665	676	0.9785368949060342
386	798	0.9401500165391703
83	961	0.9567593318935714
83	1096	0.9402579695123678
1011	1196	0.9391454357424289
460	1048	0.9368578938812698
454	1048	0.966893648721683
762	1001	0.9371172014933086
254	564	0.9377513489703531
896	1002	0.9479668437655491
596	835	0.9809752967168908
103	835	0.9791447852669098
254	916	0.9407530250766276
740	890	0.9499560841881451
899	1019	0.9715389905728622
446	784	0.947853761410625
740	1002	0.9803014240466119
519	970	0.940935753777419
665	899	0.9371671480170038
454	564	0.9627778049855056
820	961	0.9481192768025961
605	644	0.9638685001683427
993	1096	0.959605386827757
459	895	0.9498515651858641
222	833	0.9253304231981413
820	1001	0.9408350696805658
610	792	0.958741479648478
518	798	0.9862727671490863
961	1011	0.9766478932923564
849	902	0.9561563662667723
784	964	0.9349619532956446
833	899	0.9795714200235253
644	792	0.9653370431518471
459	1159	0.9600897384010305
798	813	0.9725996649544908
676	792	0.964904403551976
460	1001	0.9294411458502636
446	605	0.9677398398487486
833	1025	0.9637254125954238
849	970	0.9497938207772165
1001	1048	0.9803345803431747
454	835	0.9794793000726195
644	970	0.9574665779671904
833	961	0.9538389726115462
103	849	0.9460777667575737
83	762	0.9771807055777649
835	890	0.9304097862379872
895	1048	0.9549860638280313
849	1048	0.9491018875323334
518	1025	0.9766360966399587
1025	1031	0.9331166722337101
964	1011	0.974448700353451
833	970	0.9638788236966347
697	1159	0.9226203220035076
676	890	0.9459062147407822
697	833	0.9338054005400842
655	792	0.9737251433140305
895	1159	0.9823212302364556
227	460	0.9422228668006309
564	993	0.9625131768564388
254	644	0.9435648172743444
518	1002	0.9562858420546282
644	916	0.9499806910414939
596	964	0.9840855538260185
916	1001	0.9472642262367788
596	610	0.9476297772834981
792	870	0.9422681164938029
222	798	0.9551545235748033
386	460	0.9764399797119427
605	890	0.9674631619434193
902	1019	0.968090815480876
605	970	0.9669575260783572
83	1019	0.9535124604765908
943	1002	0.9622031088761833
964	970	0.9607652590868991
784	902	0.9244696954331404
610	931	0.9567232737808522
563	899	0.9554059736211502
735	916	0.9468060262813336
993	1196	0.9660263803874876
849	993	0.9552864871707105
813	820	0.9493249557957713
813	899	0.9782599986401765
459	519	0.9399341883790473
386	518	0.9336178795762599
605	740	0.972034682729874
519	735	0.9310352094418866
790	835	0.9376739096265092
740	1011	0.9663745459093405
790	1002	0.9253291005886505
916	1025	0.9757032349956987
454	665	0.9342140769033611
596	762	0.9456369564861353
895	1019	0.9729592902803905
563	895	0.9771153706664759
564	820	0.949213156095051
596	740	0.9951498007575168
518	1019	0.9548266997891781
735	902	0.9702913002975819
655	1025	0.9615676774712525
564	1025	0.9452076438797208
813	1159	0.9699239988889745
605	676	0.9601127058224812
563	855	0.9504979593741356
446	1048	0.9460720133965026
735	993	0.9508843038600046
1002	1048	0.9717403343418536
446	740	0.9435886324978309
386	1196	0.939042980850392
735	798	0.9697083245490089
890	1025	0.9715530593866095
697	1196	0.926575633314355
899	1145	0.9855534951113887
459	740	0.9784404760194634
792	993	0.9839900725778312
813	964	0.9837765193410515
519	697	0.9762533133785762
798	1159	0.9488308543903985
784	798	0.9418476131935292
596	1001	0.9604627729951009
610	849	0.9483395961658663
970	1159	0.9530090503700686
454	849	0.9545751665347126
596	1159	0.9603252473743911
564	605	0.9466960304187803
1096	1159	0.9625487799298735
605	735	0.9426308372719856
665	798	0.9835037307920764
895	899	0.9393294586800909
254	697	0.932169235972415
460	835	0.9550111891192576
254	798	0.9574326107771176
813	931	0.9547974693361726
790	964	0.9566091390021678
518	855	0.9487554885025776
899	902	0.9652182937774482
735	813	0.9471661580463329
222	518	0.9516129752034321
596	993	0.9691261901846064
665	1025	0.9785381997278426
790	798	0.9511307858822311
798	1011	0.9542495241497029
882	1145	0.9859077620823354
790	813	0.9324232928285028
222	931	0.9450633438755764
902	1096	0.9480158305661546
964	1145	0.9715050332415893
605	610	0.9690899084478575
1001	1159	0.9680539402270667
454	943	0.9627998640830493
798	1096	0.9520858000974515
446	931	0.9532265736732286
1145	1196	0.9473291462165716
916	949	0.9384540287182161
254	1145	0.9219310022097784
596	943	0.937647538236064
596	676	0.9533586251645019
835	943	0.9462834786225522
1159	1196	0.9665097427088924
518	655	0.9750594080797015
902	970	0.9578862558542778
740	792	0.9894320386765545
870	1031	0.9576738587959952
792	1001	0.9636913352891098
454	896	0.9272489216969859
446	564	0.9510218994469737
943	961	0.9335060037913574
518	1011	0.9527971027039979
735	849	0.9510977015537305
740	1096	0.9851836919767127
676	813	0.9456060507695245
890	970	0.951452691839751
459	1025	0.9602823272437799
459	596	0.9844903880242224
254	970	0.9495410610085775
596	820	0.9390515901010651
446	833	0.9547227299755519
665	902	0.9656401502952423
655	790	0.9506028280894546
644	665	0.9516814603554865
254	657	0.9450875556840275
1011	1048	0.9655788525987622
993	1145	0.9303773384547245
254	563	0.9651821274773597
792	882	0.9762894200111983
605	1031	0.9270503645125003
610	1096	0.9406402777480065
813	1019	0.959529963605532
697	902	0.9309286356310722
644	657	0.9455388069040155
518	849	0.9639613843041119
792	949	0.9314903116152423
564	849	0.9659194528458858
254	518	0.9632342924601545
446	849	0.9491013134065656
386	813	0.982892701508796
386	1145	0.9888293174329967
103	1196	0.9523979153810499
762	943	0.9503387207407192
740	961	0.9396824510294063
813	916	0.9545393515837994
518	1196	0.9582994394056448
454	1096	0.940329040792452
849	1011	0.9878886931243872
740	895	0.9392765705777537
103	820	0.9577902566339183
798	964	0.9710891634223877
254	890	0.9368029670329645
454	970	0.9314183293928813
254	519	0.9278032341561206
1002	1145	0.9871988708500523
964	1001	0.9794282996191432
103	459	0.9437398277012752
103	813	0.9621429825609343
446	1096	0.9239938616919372
222	563	0.9295901666592085
790	855	0.9221630490385214
564	762	0.9510910073179407
665	784	0.9615082481410444
563	792	0.9770800659886234
563	870	0.9243896290146252
849	1019	0.9623282264040973
835	902	0.9801199482018031
961	1001	0.9520436940804229
849	964	0.9730030926853799
605	895	0.9382574911090402
519	792	0.949022682023938
103	1159	0.9547807143692193
657	784	0.9566202843548746
697	735	0.9287410754989815
563	676	0.9641366758205225
993	1019	0.9572673735297675
899	1002	0.9853311737270453
386	792	0.9516890277865055
798	902	0.9693163736697388
655	949	0.9380471439478335
855	964	0.9219720910630991
446	563	0.971612250109815
222	1025	0.9645952799431247
762	1096	0.9275183492252277
564	1159	0.9691568823465475
596	1048	0.9592797005747091
1025	1096	0.9524046780465407
655	784	0.9590227254487362
460	833	0.9287308620969126
222	916	0.9496760751069513
895	916	0.9622416338283701
762	961	0.9283127463368821
596	697	0.9568255162876194
798	1002	0.9578379540147751
655	697	0.9579403943612326
519	798	0.9614859240286675
564	1048	0.9878801240601551
899	1196	0.9373337401876412
902	1159	0.9604582859285609
849	899	0.9843869162771062
735	1025	0.9400904009818878
564	735	0.973580280817212
644	855	0.9297166044800425
605	1096	0.9549768937346117
655	855	0.9464572608084926
964	993	0.9704440929877098
993	1048	0.9627675427966735
735	1011	0.9483680003772468
103	518	0.925138132899838
564	1019	0.9856517363152169
454	459	0.9668389192027783
103	1011	0.9657002719290468
882	890	0.9277049189501536
83	227	0.935086720927311
784	993	0.9370809458700082
735	740	0.9363575399965517
835	931	0.9520051170018238
596	1019	0.9451234045665897
596	896	0.9402739607941262
676	1048	0.9701641390039444
386	882	0.983717423643268
835	899	0.9912770086835163
820	1145	0.9860621446007796
655	740	0.9652414259103222
460	849	0.9331733047252921
103	833	0.9605980483227667
564	1001	0.9887753011344416
820	1019	0.9306483998543026
833	916	0.9621280443480863
655	993	0.9598400527350796
83	596	0.949700745903644
564	792	0.963666126296149
596	1025	0.963167379956038
882	993	0.9632866950686871
446	916	0.969146482282121
103	740	0.9489881715472188
993	1025	0.9766361027550126
459	784	0.9365356107405391
916	964	0.9579029162946807
655	970	0.948744779463189
792	916	0.9764425494074774
899	931	0.9335234364758115
813	835	0.9896198606517339
563	1196	0.9559927471846296
813	1196	0.9627492745789672
518	1145	0.9394873382540745
454	798	0.9451370719155158
902	1145	0.9714677452411673
676	895	0.9315781685035358
446	870	0.9315970512212494
949	993	0.9330778763039749
655	833	0.9672010824231277
564	790	0.9525286538263478
610	735	0.9357297796867672
519	596	0.9302708660080554
518	833	0.974698471281585
459	820	0.9437439587701217
833	1145	0.9685292680938928
813	1025	0.9508924281586277
902	1048	0.9817369490443895
564	1002	0.9694888775530563
735	890	0.9512637919008823
459	993	0.9682217978771305
740	1159	0.9679170765320024
459	1048	0.9669845353241862
899	1048	0.9674810438669067
518	964	0.9724674801369024
519	655	0.9537569453454222
386	740	0.9660768986883568
931	1048	0.9331158554241216
446	697	0.9653300446467519
820	1048	0.9427511935156803
931	1011	0.9279305653082909
519	931	0.933740132065088
735	1002	0.9425529512007792
563	1025	0.9728987136586866
916	1196	0.9615338616192967
931	1001	0.9534791919340255
518	961	0.925401123794032
676	740	0.9442604499806249
563	655	0.971826444880202
564	964	0.9825073832839506
254	882	0.952334948393226
460	964	0.941014460986197
849	931	0.9542365106089767
931	1025	0.9794324950100357
596	882	0.9802223054104326
882	1096	0.968985235370009
790	792	0.9427960715758943
676	1196	0.9352036239724684
890	993	0.9539788102451326
446	519	0.9729563155884442
83	849	0.9555974892713566
239	1196	0.9219481130888999
459	655	0.9857648422476628
610	870	0.9351858797935185
849	943	0.93380144197363
899	970	0.9331285592439946
740	1001	0.9584416070717798
784	916	0.9326804770178365
833	964	0.988052140464788
902	1001	0.9764162347079819
83	735	0.9240153672889105
518	563	0.9751192208215915
655	895	0.9402476802658433
605	870	0.964757475820379
596	735	0.9416499298981076
644	931	0.9668581611196407
916	1096	0.9408911081292137
610	644	0.958856017703493
849	1145	0.9620990459749447
644	813	0.9415195220524042
254	1002	0.9467191878226605
790	1025	0.9325172564996269
813	1048	0.9587109014142385
833	1096	0.9723830015265311
657	792	0.9295681585119672
446	1019	0.9338823822887731
1011	1096	0.9687721269722078
563	1011	0.9549024663413314
655	882	0.9617740282961752
790	895	0.9273534474375595
970	1096	0.9544936513872283
895	1096	0.9256385486537073
459	676	0.9622754217111085
222	870	0.9327845455204561
735	1145	0.9455480166338276
676	964	0.961155972957484
386	993	0.9270473655880844
835	1001	0.980577110938383
605	855	0.9408686194396272
740	916	0.9634059384262452
890	1096	0.9297181555493564
564	1011	0.978314398747901
820	835	0.963161664532997
454	964	0.9687864083830742
798	993	0.9734429635886501
254	596	0.9601728961062006
459	1002	0.9794069782530741
518	792	0.9882836652705265
740	1196	0.9676053126643462
454	460	0.9757621925112925
676	855	0.939966200870283
610	798	0.9721899850231532
784	870	0.9325525079500444
454	518	0.9417148065874306
103	961	0.941138778823495
882	961	0.9660818849974424
564	798	0.960654217523022
870	1025	0.9640811302384342
849	1002	0.9721760325770055
833	931	0.9758378777187263
835	964	0.987511813273295
676	1145	0.9247412509795501
835	961	0.9633773140594462
454	563	0.9374450755453274
943	1011	0.9504016296761056
459	961	0.9565680141367988
813	1145	0.9732483411663916
459	792	0.9812701344037049
813	896	0.9389431181585647
762	1145	0.9820656588373986
833	895	0.9747211744986608
855	931	0.9385817015681857
697	784	0.9483165977697846
813	970	0.9742456728875404
762	1011	0.9493793288368986
446	676	0.9655381717566296
564	596	0.9649316674530032
676	899	0.9283227391350769
446	518	0.9779756890670062
820	899	0.9681745405687181
655	735	0.9778448534661867
740	931	0.9716329384255655
820	964	0.9453867112199955
222	519	0.9540085461033115
564	895	0.9611766637487209
459	931	0.9562430470029751
902	1011	0.966467349961568
254	855	0.9244011888243409
596	665	0.9645493315153182
899	1096	0.9608375964035423
970	1001	0.9344076592185373
563	1096	0.9525302898972026
655	1196	0.931700336445271
596	899	0.9656158015670255
902	964	0.9770148469628104
798	1025	0.9709967537784876
446	1011	0.9285851509778896
740	833	0.9834382847238341
644	964	0.9431732501467178
564	813	0.9693333080223256
665	970	0.9664199038992869
254	446	0.9466796596709777
605	902	0.9523783523258272
790	916	0.960237670502333
792	970	0.9811434283175411
1048	1096	0.939201802835175
459	833	0.9840169040036684
254	993	0.9587127796967734
784	1025	0.9454547285593156
833	849	0.9824937760976968
899	964	0.9712893196028436
740	762	0.9378040923171422
655	931	0.9470329767468824
970	993	0.9752494302556294
665	792	0.9785487428107511
227	386	0.923389566507575
596	970	0.9793422129399216
1025	1159	0.9529183532650208
610	855	0.9552270388485671
902	961	0.9366800213639197
676	916	0.9550122349208896
564	1096	0.9553153493273134
798	916	0.9737450955643201
665	993	0.9820046213736799
949	970	0.9255157399985692
386	964	0.9677873806659254
665	1019	0.939428873608759
563	610	0.9506334959252221
460	1002	0.9700367453357164
792	855	0.9315584671825896
605	882	0.9447129796670386
518	1001	0.9726956169322918
798	1048	0.9539450945783697
596	870	0.9230259306627955
792	849	0.9711440967201355
735	1019	0.9610784697226239
1048	1196	0.9611229270648973
970	1019	0.9221190756896521
518	895	0.9639651470740398
931	1159	0.9711921462138724
697	849	0.9327293351298814
676	1001	0.9526408835524625
849	1025	0.9527409775304964
519	1025	0.9633541054593107
792	1196	0.9701496639554796
676	1159	0.9290069690657101
676	1019	0.9249465604595359
735	964	0.9638636549070714
610	970	0.9497417464496182
459	697	0.9519724282923667
697	993	0.9562934861221791
83	386	0.9881083270994483
849	1159	0.9621031258311497
103	563	0.9334472674025331
655	1048	0.9615526469341127
1002	1196	0.9551256522513873
254	833	0.958252585147495
931	1002	0.932958709517621
665	697	0.9685057740777199
610	916	0.9599530436609438
605	1001	0.944746048416332
518	890	0.969105421837055
83	902	0.9559679558070813
386	899	0.9827647096631589
735	792	0.9477346861429667
564	655	0.9618362638644022
740	790	0.9373387658204129
83	882	0.9763579090214431
518	596	0.9732445980347353
790	1196	0.9392226581797791
596	1196	0.9647014405044607
605	993	0.9731630846653323
792	895	0.9530742645907436
518	676	0.9697302065940863
564	970	0.935698585028856
820	849	0.9389872049462722
386	454	0.9835320536215739
459	899	0.9751940717083121
740	820	0.9232185795197321
784	890	0.9339161028940399
610	676	0.9308220910605309
882	1011	0.9861580023701639
697	1096	0.9379235385755839
103	1002	0.9704277795125598
655	813	0.9658815595670438
870	931	0.9343421734933607
103	454	0.9624343846343154
1019	1159	0.9844329323786529
454	1002	0.9849855510233763
740	798	0.9705692046757448
735	784	0.9327281739475201
882	970	0.955402070038579
644	655	0.9481078576898387
83	792	0.9305914226933458
790	993	0.9585997017121721
254	792	0.9703873734562678
735	855	0.9507919188685302
1025	1048	0.9435628782580383
454	762	0.9752657996662422
596	833	0.9796903716684362
676	835	0.944681212541469
518	665	0.986777317157445
254	1048	0.9419496720383667
446	798	0.982459651218982
655	890	0.9702246077959857
564	961	0.9481976210590337
254	931	0.9400938947493478
518	644	0.9455796444352165
902	916	0.9611062913646544
454	676	0.9395702988321687
835	1145	0.9887881518597046
849	1196	0.9293472973278878
103	735	0.9244449575748908
676	697	0.9438176717264983
916	1019	0.9398711852922312
655	964	0.9728077987339215
605	813	0.9616891582074176
454	1019	0.945837398015795
563	596	0.9671886778742828
676	931	0.9267027276612687
459	518	0.9813298463850879
835	882	0.9960381203667528
605	916	0.9733973957887571
792	1048	0.9629430881100205
740	902	0.9610039435870503
446	596	0.9464431789212022
665	870	0.936961038026128
1011	1159	0.9548847118965516
899	1159	0.9642813642787056
855	895	0.9424272226880723
644	798	0.9529720048093593
890	902	0.938991900354689
103	993	0.9237623097830838
222	610	0.9618825918455756
1002	1159	0.9597288459796707
563	605	0.9650854024281984
1011	1145	0.9813334351598105
890	964	0.9399571655770349
518	697	0.9564700588676243
459	665	0.9758495250098128
740	964	0.9834561494976832
222	459	0.9297255980522408
833	1048	0.9740745119870857
655	1001	0.9729803314992337
835	1011	0.9848910806544252
596	1002	0.9858907442744648
1002	1011	0.9815547162819989
798	949	0.9601202193158791
798	1019	0.9413300919123025
820	833	0.9352293207123568
665	833	0.9673732087140049
798	849	0.9712767920516787
792	798	0.9780961549081655
83	1048	0.9547750353513229
655	657	0.9420695097533043
564	665	0.958392795605967
644	890	0.9544198341334582
596	790	0.936343545522131
970	1196	0.9573832304918533
798	835	0.9662886880107522
655	916	0.9536526091195278
563	790	0.951675711496212
902	931	0.9313097103338767
792	902	0.9655432938789726
798	1196	0.9355477951619502
460	813	0.9427011169541126
103	899	0.9723748279387645
735	1159	0.9440566994906352
518	605	0.9750482135466987
735	931	0.9290935207408184
454	1196	0.931899210776393
386	849	0.9647257671894223
916	993	0.986685495010729
1019	1048	0.9709414686934131
446	964	0.9516974734760187
518	970	0.9705029402610419
254	1196	0.9317922234298288
655	961	0.9292212602954929
762	896	0.9292287087229214
835	916	0.9490587185189165
644	833	0.9423241668738636
103	460	0.9467727862620392
790	1159	0.9291485638252094
676	798	0.9643381071251862
895	1196	0.9444624489230574
454	993	0.928710577208631
103	792	0.9342302542801113
676	735	0.9680026344905863
605	1011	0.932113309663127
459	563	0.9764211921056473
459	1145	0.9647272185392853
103	596	0.9508454289586163
605	1048	0.9415068043460371
460	564	0.9354305008846009
254	665	0.9609250196237153
459	970	0.9672518392884482
83	813	0.9647161897054787
605	1019	0.9253331717210322
518	740	0.9692531003088671
1002	1025	0.9302718601860462
644	849	0.9351049779554614
446	970	0.9443974131970574
902	1196	0.9635225114397752
254	849	0.9495049189534086
792	833	0.9812092960011748
735	882	0.9553227809018652
605	1002	0.9385703904573088
697	813	0.9461677869251086
446	655	0.9792148980948803
454	1011	0.9724895747825936
790	1048	0.9541322352785342
83	564	0.9573873738172581
563	931	0.9776652325070605
833	1159	0.9870993864252522
665	895	0.9625065865818234
665	1159	0.9544273694652392
740	1048	0.956449550691959
454	792	0.9478702659342415
882	964	0.984220846579245
890	1001	0.9486238065568017
961	1096	0.9386542668563194
254	1096	0.9274776424977729
563	1048	0.9710662360228399
855	1048	0.9245348682069361
460	1011	0.9636406233361006
813	1001	0.9641788922333117
83	1011	0.9721342856384301
899	961	0.9797661241104323
993	1001	0.9613227088394949
895	964	0.9485495968329463
943	964	0.9272252884587447
792	890	0.9595984198447949
103	1145	0.981106916134896
993	1159	0.9748959932674919
916	931	0.9680889794393801
644	993	0.95385296996645
895	1001	0.9700445054292945
239	1159	0.92568805962261
446	610	0.9686586902263703
563	813	0.9680435072149398
254	386	0.923367929174947
563	697	0.9465884776978782
563	849	0.9631417151398414
993	1031	0.9244838303692822
386	961	0.9574011333774871
103	1019	0.9675181661293681
103	1048	0.9588623139849967
83	1145	0.9858707579824888
596	1145	0.9626697713181024
454	1159	0.9368424920241052
83	1001	0.9468511411887506
895	970	0.934551993137594
386	943	0.9746672096036462
798	890	0.9855120930341095
446	949	0.9624921520675331
386	762	0.9802146238164923
239	895	0.9380492199345392
446	902	0.9539116303657407
697	970	0.9608859724110095
459	605	0.9641208196860767
596	849	0.9744506460434852
676	1011	0.9316674041124782
655	902	0.9635435565623536
222	1001	0.9286485331799026
596	916	0.9603908344047662
740	899	0.9626398647750283
564	902	0.9865041890718627
849	1096	0.9744961025973291
446	855	0.9774650907295477
446	790	0.9524597500554515
931	1196	0.9364549047899241
103	1096	0.9477806985839454
735	833	0.9605274914199313
644	870	0.9591958410059495
835	1096	0.9706151042934958
519	855	0.9590777081985316
665	813	0.958680619310057
460	762	0.9625917045806023
519	610	0.9683980049916583
1001	1002	0.9627906804763291
386	902	0.9615786300740148
790	833	0.9373495590748282
792	964	0.9807651271718077
460	820	0.9887800858437795
835	896	0.9322409749982516
798	1001	0.9698707026983983
610	895	0.9317659740286395
103	964	0.9610651996013154
459	762	0.9464012044596197
563	657	0.9256058620308969
931	1096	0.955914330339014
605	665	0.9808034713590965
740	835	0.9795810016007607
655	1019	0.9384121373164334
519	790	0.9219016373771678
563	644	0.955217856411682
813	895	0.9380566107972124
459	1011	0.9761695496185943
890	916	0.9601433751447286
386	970	0.9390533067789927
454	1001	0.9571610295145674
798	931	0.9564056026614387
254	610	0.9367305381936725
519	657	0.9257379329886859
870	916	0.9476062102923031
655	835	0.9614933405903048
83	740	0.9436797680050718
665	1048	0.9633765621174921
833	1019	0.979749895596852
697	916	0.9659038035576825
735	790	0.9596947470453047
665	735	0.9637121452814099
519	784	0.9396081793413602
254	740	0.9527442326982729
254	1025	0.9489189742809362
665	849	0.9517820922405904
605	655	0.9682791429144136
459	813	0.9857273082014788
740	870	0.9291172961819794
564	676	0.9487560536019537
899	943	0.9485178350288495
961	1002	0.962844098599325
83	899	0.9835586176588728
644	1096	0.9415109682199544
813	993	0.9660155478418881
895	993	0.9719342459334543
460	882	0.9577979053435262
820	1002	0.9717140544541434
83	820	0.9750096725688506
792	931	0.9701694199117782
563	1001	0.9766167520684514
665	882	0.9577701746196512
665	931	0.9626825028040407
676	993	0.9615868590655552
697	1025	0.9684298636944888
254	459	0.9678510458514694
835	993	0.963832226238708
697	798	0.9690582262740433
1096	1145	0.9505807777041413
798	961	0.9347151297878793
813	1002	0.9889926544761665
899	993	0.9398418278799867
454	833	0.959912810941325
518	882	0.9657088370904386
735	762	0.9292784624512556
254	784	0.9415565821926355
254	1001	0.9472796436372777
254	813	0.9565788847322488
790	1001	0.9404220118970636
835	1196	0.9603734194270054
103	762	0.9628838508529018
895	902	0.947348452572119
596	813	0.9934364169989156
902	1002	0.9713399886815868
454	740	0.952115778676003
833	1196	0.9630857459630198
610	813	0.9406021259637528
676	790	0.9616570098150365
835	1025	0.9407055327328961
644	676	0.93012714207111
564	833	0.9814449635413407
386	596	0.9739246619309732
740	1145	0.9561847940608106
835	895	0.9542057165646975
931	1019	0.9385624145446536
849	961	0.9733191213770959
446	835	0.9385069676312374
882	902	0.9761569346549428
697	740	0.9568433762214054
459	964	0.9831670751782057
605	949	0.9410870957246396
835	1019	0.979805803215549
454	596	0.9625431011213138
227	943	0.9261682529128565
222	446	0.965020457843714
644	697	0.9611228937574816
605	784	0.9570512119114138
665	1011	0.9418101205256083
254	1011	0.9430977875107192
735	961	0.929289235027902
446	665	0.9809592007210794
740	882	0.9787819342851678
993	1002	0.9523161889988307
961	1159	0.9316975084098494
882	1196	0.962055694976875
740	993	0.9729964192083478
222	895	0.937798842340924
563	964	0.9785723206909693
895	931	0.9714431936368537
949	1025	0.9541087295528285
740	1025	0.9707273374212266
446	993	0.9645574427891286
103	943	0.9246164080147148
993	1011	0.9405462570819458
740	896	0.933069143780646
460	899	0.9626426016682144
454	813	0.9694025364977896
518	1159	0.9635377490595078
835	1159	0.9789336166876119
596	1096	0.9791863847807711
518	916	0.9814709747143193
446	899	0.9228713994689381
882	899	0.9919795008622465
902	993	0.9651386443688328
916	970	0.9813704750892844
454	655	0.9420691912673671
254	964	0.9522307466790748
931	970	0.9618788761873007
792	1145	0.947788685521161
964	1025	0.9570456810353987
735	1196	0.9242087181376495
254	1159	0.9363113053546126
882	1001	0.9797731427347052
563	1145	0.9398140570499789
970	1011	0.9330521388402195
446	459	0.9694826435888271
518	784	0.9410623751284912
849	882	0.9806214302774828
518	931	0.9598394782538482
964	1019	0.9652526455559207
665	1001	0.9665297602186895
644	949	0.9437769373051731
459	1196	0.9436854501688543
882	1019	0.9768235380829137
