606	983	0.9631974269420877
382	872	0.992077704889819
669	752	0.9847279285068207
752	872	0.9861289087318842
766	919	0.9697195548617519
760	983	0.9684953978333732
977	1006	0.9684262430284922
333	1036	0.9722619030006991
752	927	0.9890600342997643
692	975	0.9744200578100167
729	860	0.9941719340809132
879	950	0.973141116913208
440	692	0.9789396176087626
589	825	0.9620163325490173
929	977	0.9803581172652778
891	950	0.9753631782590301
872	975	0.9876254346405426
333	950	0.9771448883511646
634	975	0.9623659450623083
805	860	0.9748364728979897
736	977	0.9718600663395054
825	859	0.9670970570848247
818	1090	0.9708891382540752
646	911	0.9650568730107355
932	1006	0.9876553882193904
323	606	0.969182049947145
230	705	0.9639092307769676
805	929	0.9665796844783308
333	772	0.9627027733184805
857	975	0.9810688821006338
705	879	0.9789080079754855
333	440	0.9661484604376145
440	919	0.9762321169260951
705	911	0.9865671270657271
772	859	0.9631530601156226
646	736	0.9668534844974989
856	927	0.9771127601937591
660	860	0.9711512957846107
101	589	0.9787522976400369
660	760	0.9826245207832538
911	1036	0.9674613968240282
589	669	0.9864593931794152
101	745	0.9889046909745722
646	1036	0.9658300835824112
441	983	0.969095483825773
692	857	0.9667452058469685
324	1006	0.9689605023729908
324	736	0.9818039969770564
101	669	0.9830678396956826
825	977	0.9755295980619527
634	859	0.9758878453312361
736	745	0.9683668832476603
752	857	0.9841414248689466
440	929	0.9877222212793344
837	929	0.9700046372990467
802	825	0.9805651686163693
589	729	0.9622136925375283
736	1006	0.9723475002624944
975	1006	0.9763001062411247
646	977	0.9664625447797095
837	1006	0.9733494233070676
692	914	0.9698539172501639
802	837	0.967149365585274
772	914	0.9653545157281387
932	975	0.9932653810386733
805	825	0.9632302660144474
669	1006	0.9793025299262927
860	891	0.9662305511612379
606	860	0.9725041455783824
766	772	0.9797844313300408
660	977	0.9659362926422295
929	983	0.9784097631942567
872	951	0.9703316919883394
646	837	0.9734827452533135
440	951	0.975596576841208
859	860	0.9790458884218343
324	879	0.9753961611198935
440	932	0.974297291710889
230	872	0.9790788272046934
382	825	0.9910226049197717
736	950	0.9836091867497827
230	837	0.9747381285302054
440	950	0.9648904548493582
382	669	0.9665429845376561
736	975	0.9740005095913533
859	872	0.9779181740115201
440	805	0.9806227132535275
738	932	0.9751954897177957
323	646	0.9726445909706022
929	975	0.9792804777452839
950	1006	0.9742880216072816
745	752	0.9864447987619669
729	752	0.9699660893293546
646	879	0.9703317458319851
382	1006	0.9748455418728796
634	772	0.973713967972934
101	950	0.9790096500929714
802	975	0.9782366534660127
859	929	0.9715594928516142
891	975	0.9777987267193646
837	975	0.9723295422619391
669	975	0.9665094137559833
705	1036	0.9733376646881905
927	977	0.9696293040182105
440	977	0.9793932358183338
382	440	0.9648888333637874
692	919	0.9852033810578168
101	977	0.971763121134839
705	951	0.9744532439425186
860	911	0.9652923047512739
692	872	0.9737040327258724
101	805	0.9635415419848429
818	951	0.9713761945747639
705	729	0.9645680132641364
927	929	0.9625751970648575
951	977	0.9712126934066208
766	802	0.9751973892975678
660	919	0.9680101948459001
333	736	0.9657658288908417
752	977	0.9697459298767525
738	766	0.9633566098499401
837	932	0.9806069297057259
857	859	0.9624583007269417
440	766	0.991388344230899
860	1006	0.96881953805022
230	977	0.9810888552097408
382	932	0.988277970116434
101	752	0.9895605923588615
692	738	0.9698404959476998
837	879	0.9837268624918472
857	872	0.9911803420991442
837	951	0.9817473462807704
681	837	0.9638027424434046
692	932	0.9663519614757556
802	857	0.9840334940809621
230	692	0.9704336352229357
230	891	0.9648302370054596
324	837	0.975953893269661
825	975	0.9820176128894819
705	818	0.9722642336893388
681	977	0.965188075058292
382	802	0.9903757288298705
660	983	0.9816144523294698
660	766	0.9721664992741226
692	859	0.9755570590925006
230	745	0.9625511221986466
634	872	0.9633129895979851
825	872	0.992812915818656
324	818	0.964311063230268
646	983	0.9738389546507561
440	660	0.9831148575520402
859	932	0.9812100926348103
927	932	0.9917229176802187
911	951	0.9658861504934166
766	837	0.9731890545227246
101	230	0.9714546342150212
692	766	0.9753145303963486
324	745	0.9651037348075727
333	634	0.9655451030871551
860	950	0.99077258081149
606	660	0.9865361127621272
760	914	0.967908518866167
692	983	0.9874250812540148
441	660	0.9726377883628934
440	983	0.9812943144139352
736	860	0.9847463585696665
230	975	0.9780468035305037
333	745	0.9624526037988023
101	872	0.9844695637675369
738	927	0.9662295342648695
324	1090	0.9901693126447464
660	879	0.9760425002694737
669	932	0.9769008543414153
230	660	0.9759280646079576
860	975	0.9621119596831482
729	1006	0.9863605556934136
230	1036	0.982602205536814
440	1036	0.9635501043542618
951	1006	0.9673524656034092
879	929	0.9719735531424949
440	738	0.9677760929552152
825	927	0.9952608432446082
738	752	0.9668352521740721
856	891	0.9628236247916006
660	859	0.9764965518818437
950	977	0.9662144349207977
705	1090	0.9693774002911506
440	872	0.9746034298728348
324	951	0.9834045993241671
805	879	0.9859297923634509
440	646	0.9881916325120834
230	440	0.9766298098474291
589	927	0.9641524519700004
606	879	0.969361760071142
646	975	0.9686091962830753
914	919	0.9675725742620629
230	646	0.9759416281777709
929	932	0.9781788589256142
927	950	0.9681263932138624
860	951	0.9927920434548023
752	802	0.9774248823466847
705	736	0.9762636973417812
101	975	0.985462220433267
859	891	0.9624302242161786
323	660	0.9701058755880225
660	929	0.970961388525335
646	929	0.9744330309034579
681	772	0.9626230201794137
736	752	0.9621891228222619
230	323	0.9628876099763941
230	766	0.9636110698415404
440	441	0.9687167631145848
879	932	0.9732958698996782
230	951	0.9864128123750875
589	891	0.9792963886943947
805	1036	0.972376254279357
589	975	0.9677256008073694
441	911	0.9634889191448528
752	856	0.9633789841645881
738	929	0.9820578486542388
660	951	0.9765103468441112
669	745	0.991855478260637
859	1036	0.9707398057428684
860	977	0.9629571385089181
760	1036	0.9643463332375701
333	872	0.9621409760367396
738	977	0.9739360245403984
324	705	0.9672166398428612
766	929	0.9857168238602257
589	950	0.9684102929968958
382	752	0.9856358402856591
752	929	0.9646203912950301
738	872	0.9783968476679534
101	951	0.9705317153760097
837	891	0.9735838991608345
927	1006	0.9885107636485198
333	606	0.9633214585471777
802	932	0.9803847282263403
879	951	0.9807793801481566
745	872	0.9797820436839502
705	837	0.9650828450515142
660	837	0.9661758809445316
101	825	0.98975660210693
745	950	0.9738748233833394
324	891	0.9680095721131079
872	929	0.9769375570877608
736	805	0.9855714235834803
919	929	0.9786816843551415
669	872	0.9662570035299114
857	977	0.9746498367145894
802	977	0.9812411029784014
440	705	0.9659735112656198
606	805	0.966509292443055
692	929	0.9790167611708727
872	977	0.9777819271846102
230	929	0.9643650563204536
729	805	0.9759238136244183
857	932	0.9894473981037096
646	951	0.9773365906632965
977	983	0.9667772925792728
860	879	0.9745345392145714
891	951	0.9716582740799262
382	692	0.970467522981195
692	977	0.9700350090062948
634	646	0.9786557121528943
860	932	0.9678650432954731
646	872	0.966348212944997
324	805	0.9700727062590688
891	927	0.9920033325209923
323	951	0.9668142845114811
860	1090	0.9858380812309342
606	951	0.973833444877378
333	859	0.9747221686712586
766	977	0.9761084647770957
101	802	0.9682823723306075
837	1036	0.9793425833507081
837	860	0.9808499937131853
729	872	0.975799371271601
646	914	0.9687902147060998
382	975	0.9827362282317138
736	837	0.9788335002579778
919	983	0.9905547799253955
859	951	0.9863870473907836
951	983	0.9697725969763835
729	825	0.9734719586668283
669	927	0.9737673560633924
805	950	0.9759954248059978
745	1006	0.9892582047230828
230	879	0.9711425908120668
736	825	0.9700896833659913
837	977	0.9856437561790701
382	857	0.9943187637259753
805	872	0.975519803168766
729	891	0.9784104557775624
738	802	0.983898244738407
660	911	0.9854355321813988
729	818	0.9623722658749729
101	857	0.9813921770616123
382	745	0.9718432214355703
230	857	0.9633825201633485
805	975	0.9738344176714202
825	856	0.9684706009314497
729	1036	0.9859531640308572
951	975	0.9750515916240241
692	802	0.9709147621599894
879	1036	0.9760467175043815
230	1006	0.9695572155555419
766	805	0.9744712342289892
440	606	0.9737506893375243
805	859	0.9745878529686317
646	729	0.9687116991775298
230	382	0.9623923113041329
660	805	0.9778251114119028
589	752	0.976735373759742
752	837	0.9732652527396559
660	736	0.971840624246054
805	983	0.9697810533063812
324	729	0.9848464356992914
766	975	0.970306478320519
891	1006	0.9896327201963981
660	729	0.9619478406661119
324	932	0.9646195091583458
802	872	0.9842202984872649
729	977	0.9718727806217604
736	891	0.9776912389825776
736	927	0.9776668478633851
859	1006	0.9627839047589264
324	950	0.9874753630679772
745	857	0.9643773575685516
333	1090	0.9629549309192793
950	1036	0.9775090719766266
745	837	0.9717753292171041
872	932	0.9938012428868825
919	975	0.9643567500553465
729	837	0.9869161378850211
681	766	0.967605237761455
230	825	0.9682525199510228
860	1036	0.9905573539670303
738	857	0.9878623430702769
333	646	0.9753074993116897
230	729	0.9852759033175664
230	932	0.9768957238305809
101	729	0.9820337968191273
805	977	0.976618535066744
86	646	0.9652086962648385
859	950	0.9872454576208023
660	1036	0.9732522908035208
606	859	0.9662240008575491
440	729	0.963113866354194
927	975	0.9782203193655821
333	766	0.9637381394597313
879	977	0.9828322666320359
101	859	0.9721541002267662
879	911	0.9645504624798276
745	825	0.9783873033661699
837	1090	0.9621064615257153
818	950	0.9643995371583407
101	891	0.9898184132140841
752	932	0.9921972629051633
951	1036	0.9827223714081876
825	1006	0.9881872172507031
230	859	0.9880779785106897
729	951	0.9888588028476539
440	681	0.9665503085310523
879	891	0.9691253167498419
440	914	0.9736203159831349
324	860	0.9867621877590274
837	950	0.9788087982858831
859	983	0.9803340538803598
736	983	0.9671127403329088
729	950	0.9903463830649877
646	692	0.9670973238248122
837	927	0.9704669336689427
382	859	0.9628222668880109
729	859	0.9811050818039909
857	929	0.9747717389658395
660	818	0.9713305633686222
738	983	0.9687949393131334
606	646	0.9758700009539889
440	634	0.967274555334153
977	1036	0.9697839313509578
752	1006	0.9894525905082125
825	932	0.9935393405562659
669	891	0.9854633238221719
766	983	0.9706475046475629
705	805	0.9778000018740859
752	891	0.9905049334485294
736	932	0.979403683442278
646	772	0.9839362884866163
950	951	0.9913810570294215
825	837	0.9706463463430608
646	859	0.9846032552000356
333	729	0.9821823785502284
440	802	0.9696457836009698
729	1090	0.9769583065417389
752	975	0.9803373643959432
805	837	0.9800611527809205
646	950	0.9726313305635734
230	983	0.9794251587292545
230	805	0.9820789745285832
382	927	0.9810619154098018
891	932	0.9904141004754072
101	837	0.9740270958338778
333	860	0.9804366760267983
333	837	0.977795400035634
606	818	0.9781194073872643
825	891	0.9859001960743887
825	857	0.9955233057566724
230	634	0.9629131738785877
872	891	0.9853729748448576
382	738	0.9830393140472079
805	932	0.9769062649748206
805	818	0.9641047158218699
606	1036	0.9834351483782531
324	977	0.9626916868196224
441	914	0.9696746452560763
879	975	0.96612411722557
705	860	0.974700261915683
729	927	0.9744036956003462
230	950	0.9818354786067559
230	606	0.9693921349314424
324	859	0.963119901137511
975	983	0.9728965220372789
333	805	0.9740394504039775
857	891	0.9760114309308797
914	929	0.9678259620356103
646	932	0.9653182183613275
729	975	0.9736128742193382
879	1090	0.9691226325977003
825	950	0.9641548834078304
440	736	0.9708167383330569
738	919	0.9743869155494462
589	1006	0.9728989542133502
736	1090	0.9721458042322646
646	766	0.9830956508865856
736	951	0.9892182327148213
859	975	0.9887208668761731
333	951	0.9774335253791175
606	705	0.9720831803116166
101	927	0.988785486463418
766	872	0.9665873117381202
872	1006	0.9818101958477334
440	975	0.9760376923138203
646	860	0.9714578115575485
872	927	0.9866482633887597
440	859	0.9789611064342847
101	932	0.9925204894917181
440	837	0.9749438007856882
606	911	0.9851702915928612
932	951	0.9763700835361571
323	440	0.9771765049122119
818	837	0.9633835110692737
230	927	0.9635906997692891
230	324	0.9689881891851442
950	975	0.9781283951398365
745	927	0.9806121022753072
745	805	0.9666259229669798
382	929	0.976819406541784
660	705	0.9793130440814306
837	859	0.9732309573984361
101	736	0.9745785513755802
729	736	0.9852414256050956
857	983	0.963862544029068
766	859	0.9699896165363997
323	859	0.9686869984230168
872	950	0.9686954156858838
932	950	0.9795601782503398
646	805	0.9746435697264786
802	859	0.962529873414422
745	975	0.9731669873754223
766	914	0.969609926326485
382	977	0.976828875670063
766	932	0.9657453022769031
818	860	0.9759463938172006
738	975	0.9703877919112901
441	919	0.9651482159462753
101	324	0.9710961151875442
738	825	0.9764784779352806
927	951	0.9644235277265062
950	1090	0.9862970470356383
891	977	0.9661077618734288
660	950	0.9651228666964925
872	983	0.9721589250329451
837	872	0.9732686607188092
951	1090	0.9815859764455712
766	879	0.9727104346278501
932	977	0.9814018426445803
646	818	0.9627697629872077
736	872	0.9718470065566813
230	860	0.9816372421231492
606	760	0.9887467747939265
606	837	0.9643964815887869
805	951	0.9830804947517302
324	333	0.9638307483067974
805	1090	0.9653162641511542
729	932	0.9809166006781147
440	772	0.9749073173410812
606	766	0.9663667900399726
802	927	0.9676041733174213
914	983	0.9754165911332426
825	929	0.9695856522915267
646	705	0.9650449168701654
669	825	0.9701437228166025
729	879	0.9716619131615043
589	932	0.9738334956036594
440	879	0.979342142360085
859	879	0.9650824004257745
879	927	0.9658963293909355
760	911	0.9796898176514034
646	760	0.9642587671059039
1036	1090	0.976932215498036
230	1090	0.9644900363447162
857	927	0.9870250951419732
660	914	0.9690292054754479
324	1036	0.9771842737992842
729	745	0.9785070615026844
440	760	0.9691808208487356
818	1036	0.9747674506528585
589	745	0.9832402989806152
752	825	0.9900978760812694
857	1006	0.9762118096815984
745	932	0.983558288923144
634	660	0.9635906763665882
932	983	0.9663580862927916
818	911	0.972151303773138
101	1006	0.994004149270765
818	879	0.971298081043737
382	837	0.9639839262844916
872	879	0.9632628711719757
382	891	0.9748892084874411
975	977	0.9764261181302787
736	1036	0.9751967141108431
805	927	0.9692863104924336
745	891	0.9918974397531799
101	382	0.9803404676638892
802	929	0.9838238381884268
333	818	0.9638278265198497
705	950	0.9684669022675816
230	333	0.9717198032441343
101	860	0.9653308894754513
745	951	0.9639023165539583
660	772	0.9619913199973069
230	736	0.9823069875468105
859	977	0.9706042657474072
736	859	0.9750191886391312
323	766	0.9644350405442466
441	929	0.9653226611727721
736	879	0.9779915290866676
805	891	0.9741066731337615
646	660	0.9848949254024593
