552	744	0.9560300437469511
881	912	0.9772730945436849
761	786	0.9381849110586038
763	781	0.938497125535914
320	711	0.952760086557035
710	892	0.9864629926801856
449	640	0.9554874295638973
640	711	0.9350320210876735
795	808	0.9413381912029253
320	628	0.9706528741060985
754	841	0.9790034861699846
555	732	0.9713136942934419
422	832	0.9342873338715549
536	854	0.9611223959637787
586	794	0.9765316928042957
690	795	0.9365234510762439
642	912	0.9747700732700144
329	473	0.9451526809341106
771	867	0.9519630768932975
507	812	0.9798711981368903
592	619	0.9580004015319219
122	876	0.9389731955786926
329	763	0.9503595462105612
674	763	0.9732251090336435
672	742	0.9523442022758679
710	782	0.9426781878844961
422	623	0.9322355562196729
320	892	0.9788289525696946
765	782	0.971906470821757
672	941	0.942930010085073
303	639	0.9848645575713604
619	785	0.9515283886962072
702	795	0.9808338446059862
267	536	0.9742844523565435
800	866	0.9521194601858887
640	717	0.9663321553931381
623	794	0.9725289607612382
219	555	0.9483795522802732
303	753	0.9669491721916176
800	854	0.9445231352345076
573	719	0.9400339535821596
449	800	0.9755587175462415
552	841	0.9674269410313396
750	841	0.9665215339901604
620	771	0.9537042271663676
573	854	0.9326408667566375
449	742	0.9634397198950471
753	807	0.9770967717405924
303	808	0.9475938769243569
797	842	0.9550262932801044
782	854	0.9803176156524046
832	842	0.9599511564203468
803	876	0.9830394801958198
552	702	0.9575641548415477
807	941	0.9663993282756765
421	719	0.9403091678241846
744	782	0.9745257405983812
785	892	0.9601565905785688
801	867	0.9342866166612867
219	771	0.944992911976931
620	677	0.9554796764774832
794	941	0.9402568102331839
142	552	0.943424687907908
552	853	0.9525561292626492
674	744	0.9537697431268877
507	785	0.9812485454852741
715	795	0.9540533756173706
628	679	0.9685027105703636
620	642	0.939437505495045
548	963	0.9500319326596269
769	800	0.965021413188681
522	981	0.9511338682852994
732	786	0.9635118507103578
507	555	0.9419002492614423
690	808	0.9431497391439918
613	677	0.9537411294418668
797	876	0.9629219018929213
522	779	0.9493828940634681
674	704	0.9575481841943576
473	808	0.9431985578286997
702	941	0.9456963858555238
267	807	0.96341269206617
412	573	0.9405908482057056
219	941	0.9321666380645043
555	853	0.9612326934265337
704	867	0.954867813096228
267	742	0.954032724092533
690	771	0.9747414826043803
715	797	0.9489547733902365
303	642	0.9925522646169442
782	832	0.976051934013232
785	812	0.9663467503065564
555	786	0.9595965333995571
807	853	0.9409864726569441
573	756	0.9359274471707171
555	711	0.9726998303383887
808	892	0.9554745995703211
717	874	0.934224547202051
807	854	0.933512849091196
702	881	0.9389473497229733
507	719	0.9494111225212647
812	963	0.9613289922328485
507	744	0.9530161663699885
592	742	0.9550065772109351
742	744	0.9357361224045624
744	981	0.9376804759962423
619	816	0.9794537012538551
552	769	0.984734557971066
704	941	0.9423312902711336
329	853	0.96343301936414
473	763	0.9622426357440943
522	613	0.9466861278852446
753	866	0.957789088342996
719	750	0.966502567344704
320	640	0.9416173363883367
548	842	0.9780503943730358
690	797	0.9320343767186817
702	867	0.9783014481692798
485	785	0.9541123124356905
628	789	0.9593996432198173
613	832	0.9371269926793353
717	771	0.9709239530275158
781	841	0.9713622409089088
702	710	0.9712916108679417
507	710	0.9683391882414523
674	690	0.9769621328557947
816	854	0.9562004997964145
711	786	0.9800578666332218
586	816	0.9520979003740823
379	797	0.9418932952351284
628	812	0.9575171134731914
744	912	0.9339636438441576
717	941	0.949296765776813
620	753	0.9569949476539924
267	690	0.966800702363056
379	485	0.9671414056377343
781	807	0.9897242120485836
866	941	0.9482438027717006
779	795	0.9751788005588584
267	854	0.9813071786993459
782	800	0.9574199752668269
555	808	0.9562802828157968
750	782	0.9644594798030155
786	871	0.932461136790429
552	832	0.9742756293203121
613	789	0.9326088257191125
422	690	0.9569700648656627
702	853	0.947904640759303
711	742	0.9716284211497237
786	854	0.9516866641002604
303	702	0.9428526928717378
874	912	0.9879461366993382
320	507	0.9806867815510516
421	912	0.9449024869028728
744	808	0.9567540622798272
795	867	0.9817111893086194
732	832	0.9631479018275271
767	800	0.9585263113208828
267	642	0.9758261175850054
552	732	0.9771597081155379
767	876	0.9503464923326472
619	789	0.9625626039205216
780	832	0.9442622107129254
690	702	0.9374149216599856
507	717	0.9350893628927806
672	963	0.963475395699793
552	619	0.9884419432760606
552	623	0.9500081599776067
552	753	0.9827978364116159
690	744	0.9417959723329948
623	732	0.9353386355068778
473	522	0.9720721867230222
763	800	0.9623059980913518
679	981	0.9843278263313083
781	854	0.9323963751696237
449	866	0.9332902817064708
765	876	0.9786181358613087
555	702	0.9489464840328503
303	704	0.9528420337760479
573	677	0.9624630915172473
726	800	0.9532725744622736
710	842	0.96350597129306
613	702	0.9385710153641531
142	640	0.9382896864067465
592	769	0.9646646507038877
485	753	0.9326697027687727
763	797	0.9372771029790357
711	892	0.9385264490705144
672	674	0.96056256923599
769	779	0.9574548100730181
548	763	0.9686145852586454
704	808	0.9458674082337877
122	507	0.9570108833430597
753	779	0.9546333045128598
267	912	0.9415617563271221
422	613	0.9347813672323265
765	812	0.9798083109909138
552	800	0.9683614551551358
320	473	0.978262184975991
592	767	0.975932211873066
795	876	0.9714940221865307
642	941	0.988772222302071
742	763	0.9523044934732825
522	724	0.9401806299797257
548	808	0.9534515986423959
219	753	0.9344069563427824
303	842	0.9716808677187159
219	807	0.9596952107247154
639	732	0.9427291091632852
628	744	0.9619820413822535
672	726	0.9601499714101118
379	867	0.9588249327690508
732	840	0.9364747884562328
812	941	0.9397242333488393
449	672	0.9704143789339403
507	780	0.9724891097263018
320	379	0.9488185050597446
586	704	0.9493196046140726
717	744	0.9474406248439602
267	639	0.96699057278319
303	628	0.975337476493525
719	892	0.9526320318408964
782	785	0.972488409181379
808	812	0.9567059822075494
379	507	0.9451975474266714
507	632	0.9412802227188969
781	871	0.9648823944491163
267	881	0.9552662870356761
640	789	0.9541977423630554
422	794	0.9370611988929347
800	832	0.9467216192304542
320	795	0.9844039048090161
742	750	0.9788349557996676
782	812	0.9662390449766702
623	639	0.9588155858943157
797	808	0.9393353619079395
702	808	0.9612542961575953
679	832	0.9599331277229386
485	726	0.9428728107372226
586	912	0.9924495914328366
623	628	0.979257716001438
642	782	0.9732395882183578
592	763	0.9691456656005205
719	842	0.9480472387115384
744	881	0.9474423625924271
219	761	0.9332377272230094
800	941	0.9755741405276777
552	711	0.9744970594113538
586	674	0.933363923331791
628	711	0.9627335858744409
642	854	0.9563355062470408
536	674	0.9647705586397461
267	613	0.9351914136462627
219	620	0.9482018391804634
522	623	0.9643473301708304
711	963	0.9393139512671123
267	677	0.9341797424570262
769	866	0.9358686352450225
473	803	0.9748814692478935
320	854	0.9706079616657224
449	854	0.9494328933565648
679	765	0.9706432624238841
779	780	0.9911812474442073
672	754	0.9466050593271509
267	303	0.9782389511844498
632	795	0.9395733267663309
552	573	0.9659237390771795
711	761	0.9501345131320849
623	840	0.9594172149534892
750	941	0.9394089111590964
555	742	0.9372922807569528
732	808	0.9508747326511187
329	765	0.9345454799904362
672	780	0.9647894976015938
623	867	0.9592162815799472
842	941	0.9665056150413338
642	744	0.9470855395492396
767	842	0.9800497049236854
677	750	0.9561049737650997
329	586	0.9667408795251471
329	782	0.9323677860560523
267	840	0.9603849215191338
753	781	0.9740246845182752
303	892	0.953688783446198
613	765	0.9324416186762028
639	754	0.9556564979311439
619	744	0.9473078495531894
620	711	0.9701392457325786
320	613	0.9490847746102766
592	853	0.9649452606372215
710	853	0.9332128842250442
874	963	0.9591454096463197
507	963	0.9820410363906606
719	816	0.9676874562437422
573	672	0.9630550110535769
710	763	0.9452041432557376
628	717	0.9436430812907197
717	789	0.9460873014338467
422	874	0.9366047826964912
867	941	0.9544683755354507
753	871	0.9482912978372836
732	854	0.9619331870751195
704	789	0.9435175938055835
715	780	0.9588591990227487
674	771	0.9672034645881381
690	763	0.9720677109197691
620	690	0.9649748860252341
765	853	0.9616286100760885
303	812	0.9443250970609116
702	963	0.9789434704667326
786	807	0.9657812978856242
807	841	0.9670104675033427
786	842	0.975128055217146
753	786	0.9714563185404388
711	841	0.9376049059754357
320	816	0.9448206478671733
704	710	0.9808205145049652
303	765	0.9620760379949926
702	912	0.9596688167765768
586	801	0.9673561256561399
536	800	0.9748948767146173
329	981	0.9544655064855772
555	800	0.9369361135004572
421	812	0.9376553273250225
219	763	0.9369716351288886
449	807	0.9795898791804403
592	786	0.9818084115462065
732	769	0.9685584763544725
881	892	0.9505740687433953
552	785	0.9762441771589132
794	912	0.9900477362058321
552	765	0.9677494204297761
767	874	0.9800708991165739
769	808	0.9421893226641885
449	840	0.9436711602200304
800	841	0.9650262641521765
690	941	0.9322365157579239
763	981	0.9617160317553218
552	840	0.9441382485091379
704	981	0.940985333841682
619	704	0.9480515732446269
719	785	0.959825719535887
702	785	0.9788201502275203
679	710	0.9502929396081482
320	801	0.945891799105693
744	780	0.9536063436315159
449	753	0.9713165808722966
485	672	0.9773539443691509
592	639	0.9862165624010697
786	853	0.9871141270062151
674	761	0.970180421353102
320	785	0.9829967181042658
717	750	0.982061836192673
303	536	0.9502488993028779
642	963	0.944525309610639
536	807	0.9760195143948428
267	507	0.9571317759906633
555	710	0.9583113284369672
379	702	0.9375776105963408
710	795	0.9573266419466407
613	797	0.9324431032651792
795	815	0.9624990088918179
815	876	0.9482441952949346
623	797	0.9452517275673515
449	789	0.943761035966145
754	763	0.9449573121984678
710	765	0.9621582138551532
623	941	0.9813215545393005
876	881	0.9370275056471005
613	674	0.9439191464693839
719	832	0.979443232707575
628	881	0.9715051302697131
800	807	0.9928954445530069
779	803	0.9589977724324279
761	800	0.9415767426272219
690	832	0.970442743137733
642	808	0.9559445251788222
672	832	0.9642356641675214
619	765	0.9367958974315904
642	753	0.9550444913345881
767	912	0.9740120377601538
592	711	0.970519615634545
742	781	0.9545530491043094
522	548	0.9440414009524982
552	674	0.9754965356514813
507	794	0.9417392215338423
379	782	0.9484435397608133
619	871	0.9522072460869038
679	854	0.9524400583632187
679	786	0.9698057490879151
320	710	0.9746112883760074
122	803	0.941374712574744
122	320	0.9387867713354701
379	832	0.9375110852282919
548	832	0.952074163227839
536	816	0.9775620117071747
704	853	0.961176500674132
808	816	0.9345303833306732
320	812	0.9816114558947184
732	750	0.9784612973989202
552	808	0.9553648606554198
619	717	0.9728899909027973
767	853	0.9879388151980284
628	866	0.9457398136282471
765	816	0.9417634175953278
767	881	0.9825060309613822
690	812	0.9625337767271095
421	628	0.9566396495175236
329	881	0.9595683734140639
750	754	0.9717143880379349
379	765	0.9432846466715796
536	573	0.96108751418682
785	786	0.9467078626225336
679	704	0.9621202541242642
303	854	0.9493887939980556
674	711	0.9825361734599729
639	808	0.9341595049024431
303	881	0.9890740576993602
623	842	0.9832870877958941
267	732	0.9699190507883664
704	744	0.9347516627065198
640	769	0.9656369052675069
421	623	0.9520924590481306
639	866	0.9531815536732979
555	750	0.9621479247941203
674	881	0.9403123614394546
704	782	0.9702365858358976
679	771	0.9502053425601376
672	769	0.9804062328491598
586	782	0.962906628277048
552	781	0.9587600949603675
803	816	0.9345683888545122
536	763	0.9471898013948532
552	677	0.9495013793162264
485	573	0.9467653722425945
379	628	0.934809742309736
679	842	0.991195362739158
719	963	0.9517011914554914
690	761	0.9634369665448297
303	507	0.9389211483175672
421	592	0.938074109300435
642	803	0.9620756400924579
732	742	0.960082998234454
842	981	0.9880281651449907
536	639	0.9500362125321664
623	704	0.9520276894027706
674	753	0.9624455804237487
303	592	0.9780825431310074
142	717	0.9663176805998877
639	800	0.9824747248936738
710	794	0.9553375661605955
816	874	0.9347811469382383
710	789	0.9425884297880165
592	867	0.9558496176745642
555	623	0.9532016902367023
744	874	0.9424949226750987
303	732	0.9565571649209599
552	881	0.9430617649058806
122	552	0.9403134916174538
704	892	0.9737634309096341
507	679	0.964088892677164
717	807	0.9433224383864836
421	767	0.9492233409893518
329	892	0.9461460040780686
767	981	0.9728706802518812
842	867	0.9577813102129686
753	841	0.9585298870340666
717	881	0.9346451310134105
803	867	0.9781334356276936
785	963	0.9877769210310503
122	628	0.9452198689017495
522	592	0.9360668197188742
267	797	0.9430097543878524
732	841	0.9519410285998227
672	767	0.9351216424897386
320	732	0.9595303447518271
619	732	0.9779809855147772
620	800	0.9478163820865881
841	871	0.9477947967033986
548	704	0.9382711250467213
620	841	0.9619059574819614
320	797	0.9758395466236345
485	536	0.9424063482145397
536	704	0.9348666031876423
522	892	0.9674477474626617
619	782	0.972935120477135
320	767	0.9567932114160607
769	781	0.9560393295275162
679	763	0.9766018888188248
613	779	0.9356930886168875
548	586	0.9894528411749828
640	816	0.9326165417492938
219	754	0.9621621832576541
744	767	0.9564097458931349
473	981	0.966674821162762
586	628	0.9711286105357729
623	876	0.9601812968975483
507	795	0.9837439991059578
555	620	0.9609218661809249
763	876	0.938578463172577
522	803	0.9742677379493621
142	677	0.9453123496710193
674	832	0.9671035877021594
628	704	0.9392930915224214
711	912	0.9457401854925866
320	536	0.939271367067452
782	866	0.933658284771958
639	853	0.9595414013571255
586	840	0.9684291696331526
642	679	0.9772614298176241
507	912	0.9589157753614428
640	785	0.9480902048709582
536	628	0.9329076142178658
449	674	0.9654377475431963
672	812	0.9327068834414173
219	732	0.9544214739189816
320	780	0.961982736882452
679	803	0.974200009352592
592	765	0.9577053932838296
449	717	0.9562970577108183
797	801	0.9545927294428043
719	754	0.9434351871166828
726	781	0.9625220110463247
592	674	0.948661075135032
219	552	0.9443175508765808
726	742	0.9547222521209795
619	780	0.9338420057007106
628	794	0.9347540447471214
632	780	0.9386789231234496
750	808	0.9364594498539096
623	771	0.939358464114991
761	854	0.9478210654721744
786	808	0.9545025381497371
717	853	0.9509487822618911
320	912	0.9478524997229782
711	874	0.9519307587549433
623	803	0.9848823357801362
719	782	0.9669554033178406
620	769	0.9686252205827641
672	744	0.9490020401594648
726	841	0.9706911075051754
702	876	0.9803818748641338
522	785	0.9689989827812688
642	702	0.9460264182106638
552	941	0.9678477220776589
800	871	0.965599347874007
555	782	0.9695737940232824
613	690	0.9469201176667539
267	628	0.9751959777511958
592	754	0.9371691549435881
674	842	0.936105049825884
672	795	0.9663024088141929
744	789	0.9452351260227547
623	853	0.9839900878537213
780	797	0.9584298451383232
473	704	0.9583562457933288
639	867	0.9330696479531724
642	732	0.9619035387299852
726	816	0.948680707884319
672	800	0.9481397508947043
320	522	0.9629313336338278
620	750	0.9965352696418968
320	881	0.9342260975644939
789	803	0.949093387213672
744	853	0.9453861271670854
303	871	0.9422020690509343
754	840	0.9476060600050795
874	892	0.9868314984249347
536	711	0.959557766089518
765	801	0.9569180273491035
742	786	0.9478781135690102
754	807	0.9840752370737885
717	767	0.9452871090593749
548	867	0.9549571241685397
473	765	0.9843298760991037
816	832	0.9602860291389288
801	842	0.9817075245310223
876	981	0.9513840120500605
522	586	0.9421407879651096
142	674	0.9602490102561669
555	854	0.973246223828412
640	753	0.9525386479775539
642	674	0.9659440134906717
573	620	0.9673563741672127
628	771	0.9475495033246919
122	592	0.932784053834784
267	781	0.9664698074563591
142	719	0.9473365805136507
620	732	0.9794964336880925
753	803	0.9420921040586376
628	779	0.9675796848624238
710	832	0.9496416710265113
832	912	0.9482687709637514
586	744	0.9458471436468359
552	639	0.9621452876246812
642	765	0.9614152479365146
672	807	0.9469882392770381
765	769	0.937527883092214
267	782	0.9827315628177713
623	744	0.9577933202507576
765	785	0.9774902365685323
672	779	0.9768252680523641
592	717	0.9450970422480616
710	786	0.9368278334229725
628	642	0.9680634576496734
742	754	0.9751267192971055
674	732	0.9757182383169527
781	881	0.9383207098888584
750	789	0.9391895662587193
801	881	0.9387432501777094
690	732	0.9729279049460643
592	750	0.9387936009706034
507	867	0.9797738296381868
763	801	0.9473997884110776
522	867	0.9681891147636061
795	874	0.9494035649023694
642	832	0.9684380051847883
623	782	0.9634124786642835
267	769	0.969940458790765
507	628	0.9789051989680582
710	719	0.9448775337315864
219	449	0.9700569356631114
854	874	0.9400597576335776
717	742	0.9579086029326436
552	786	0.9726013488317806
555	690	0.9846096572397449
803	941	0.9739952783565905
842	853	0.9882226708616688
449	555	0.9429559788604334
753	881	0.9506054032441896
717	719	0.9755186187973817
552	782	0.9834915061680056
303	786	0.9946164267788931
677	732	0.9402220557205165
781	786	0.9634580312749086
677	782	0.9329967098007177
782	789	0.9619607025376965
717	832	0.9698707190114774
303	449	0.9511057295398139
704	832	0.9645855279181403
619	642	0.9499636322765399
586	710	0.9367272822840942
780	892	0.9351637988676476
267	871	0.9347735173550413
710	803	0.9417574193957494
781	782	0.9406739417834926
853	876	0.932706409828306
552	854	0.9763072190121465
779	941	0.9361802214508625
623	702	0.9668312621727244
742	840	0.951868462641196
789	841	0.9334349894211824
548	639	0.9553369827237304
754	871	0.9798557345057917
592	679	0.9518679557277133
267	789	0.9695954273129068
702	719	0.9548882468910482
592	871	0.9437135962693828
485	789	0.9650571022244779
750	871	0.9431241615821163
628	781	0.9360232520035932
536	754	0.9807517317969299
329	771	0.9386648220449215
704	912	0.958230114765459
797	803	0.9682659083005316
779	808	0.9459322162357513
672	690	0.9543715123326755
674	786	0.9566045011938971
711	732	0.9787579897993497
449	781	0.9764274386081699
780	876	0.9637461899918749
522	876	0.9661174564435455
677	719	0.9426348752621543
552	586	0.940001778431433
642	881	0.9872357504803866
761	841	0.9434712593468133
719	874	0.9575083452689366
717	892	0.9383840489419548
779	892	0.9322539271390855
674	854	0.9698291486658386
702	832	0.9617033075213591
744	785	0.9603028759506186
795	842	0.9344352014326291
753	771	0.9475167577612347
522	744	0.9592898734154338
573	753	0.9430266993756156
639	719	0.9541008795100991
552	628	0.9725902166490433
732	765	0.935852213106965
267	785	0.9694027000325212
761	782	0.9513297390033026
702	767	0.9521303071615476
642	767	0.9880219776898971
548	744	0.9631256958728206
379	744	0.9475161095127156
702	704	0.9543612340990644
267	771	0.9859328873655939
320	779	0.96192874263384
765	795	0.9761881731580402
421	763	0.9472202143974018
795	803	0.9623402772738969
782	803	0.9639110242309987
767	854	0.9464165184687419
854	867	0.9558989277468151
379	672	0.9691141523613325
639	765	0.9416348556169909
779	854	0.9434634267104511
552	679	0.948731476270313
679	853	0.984146340564382
789	941	0.9319172237938784
507	808	0.9621880588306364
421	639	0.9462218895065645
507	753	0.9358632133448193
548	812	0.9507787532146666
573	690	0.9361885341363956
267	763	0.9796393807174093
672	765	0.9561315652740343
674	841	0.948059867171605
320	750	0.9401250898437882
485	779	0.9613720731090418
421	586	0.9559785915748769
303	763	0.982684347309111
522	763	0.9460031911512885
767	785	0.944595196308754
421	702	0.9425540301535289
628	854	0.943140536629461
507	853	0.945120559640805
303	742	0.952460260514865
767	963	0.9602389920945504
122	379	0.9698840704513225
782	853	0.9702396048620151
715	815	0.9526795322842041
552	704	0.9627021781352602
555	892	0.9555571484741747
548	753	0.9458618205774408
781	866	0.9590656278161682
507	881	0.9379213555913072
329	623	0.944209116762692
742	871	0.971275957555583
320	619	0.9530283470498924
763	789	0.9474097646893764
449	573	0.9559408752248936
719	941	0.9594651490832807
779	832	0.9481799022363147
421	786	0.9630886634132909
704	794	0.9551903456954267
704	753	0.936128043848903
573	754	0.938202538881129
867	876	0.9650867952960556
267	320	0.9803713779059633
592	789	0.9422200345852424
412	761	0.934980777560505
639	742	0.9580923889208028
753	832	0.9625668847280804
853	867	0.9485089274700564
761	807	0.9370922661534477
548	800	0.9434116413227802
536	779	0.9331041857936329
573	613	0.9323961870397959
803	853	0.9675200058168736
640	832	0.9427314288002311
536	750	0.9750693367605463
640	754	0.9347769704163478
586	786	0.9851303997104837
771	789	0.9529359865271199
780	785	0.9855831260251386
853	874	0.9800639632620736
142	808	0.9598162707410487
507	876	0.982728609338936
782	874	0.958589246783611
892	981	0.9761571899574201
732	789	0.9443948729227489
719	780	0.9346697382562674
763	782	0.9803614249016115
552	812	0.9515970041344393
702	842	0.9660796165093626
702	782	0.9603726320774333
267	832	0.974219093702119
867	963	0.9840324891003472
303	719	0.9621096230189554
536	726	0.96859775304987
473	874	0.9906288515485495
710	874	0.9629035660075511
771	785	0.9517315939041693
613	640	0.9431596993289817
613	715	0.9476435308940838
797	892	0.9795504653216562
421	874	0.9587213016454683
320	672	0.9686693479615621
320	702	0.9846380910737137
522	815	0.9411835593599147
555	912	0.9458714852512912
536	742	0.9647191450778717
769	816	0.969686670230697
623	719	0.9533867851751978
507	771	0.9349561259377805
765	815	0.9376907947035692
552	690	0.9672175945791959
639	876	0.9351793581129139
267	672	0.9796128092477798
816	840	0.9811449190376694
449	732	0.9642759268977439
726	871	0.9589828875799802
267	744	0.9527596643729631
892	963	0.9623016731269014
586	623	0.9905292971560715
807	866	0.9459517736375915
754	854	0.9370484476597025
750	854	0.9662788759543384
753	765	0.9517559787797192
267	812	0.9580891748601958
573	619	0.9673203868998342
320	876	0.9655731708991515
613	761	0.9452567227881064
449	763	0.9454142646274063
586	808	0.9558841696687872
620	640	0.9775351555734986
320	704	0.972978527351027
767	941	0.9878557947455975
794	801	0.9920594070672055
320	717	0.9663894847725878
871	941	0.9460121156509173
548	702	0.9514335945031678
473	941	0.9437304457366449
422	522	0.9348078775103075
122	789	0.9450767577247614
803	963	0.9825916343424237
786	794	0.9515889436160323
219	750	0.9484763173139582
628	874	0.974217088307741
573	782	0.9327868196680507
679	797	0.9491839133781914
719	781	0.9378222178705369
672	771	0.9624156867262472
753	854	0.9529745336847908
642	750	0.9445211095478134
592	771	0.9341929511661632
763	769	0.9566114702956031
779	786	0.9334324846390276
719	800	0.9532008855530103
422	473	0.9412650478105191
219	840	0.9381965947085846
710	785	0.9519469074585348
522	710	0.9589879403663844
267	449	0.9739213700789883
674	679	0.9467387112549698
142	555	0.9645963149184758
586	765	0.9642464147527361
642	874	0.9777775420363617
753	941	0.9692876859208412
754	782	0.9373146725474891
765	789	0.9625684119950622
507	786	0.9569325070509049
303	711	0.984445609686599
742	771	0.9348114156152956
303	866	0.9395775238125863
767	794	0.9621708625255789
771	832	0.9586961218775165
719	779	0.9445255301368851
726	807	0.9630989496638904
320	679	0.9589782969994647
473	881	0.941011168337067
711	769	0.9616924255494569
122	782	0.9373307197716038
485	795	0.938041005129472
586	679	0.9862141014241059
548	623	0.9859196168799951
303	803	0.9640308647941173
573	717	0.9582183004924762
808	963	0.9514482637374546
765	803	0.9837094910418971
679	840	0.9458928566282736
522	782	0.9505776473560719
552	871	0.9337352728244842
303	679	0.9680251811204319
854	963	0.9538082876335396
507	702	0.9927036122964648
672	816	0.9575220971751315
704	717	0.9688124710128414
832	854	0.9632278718691902
473	679	0.96774496057835
552	789	0.9781054678069148
473	702	0.9840817746037203
876	892	0.9584410270410288
303	672	0.9379358828032854
674	677	0.9626625176860607
267	379	0.9439220439901979
672	702	0.943566043342527
507	803	0.9855212399463738
639	781	0.9752458028351872
623	808	0.9640631498016563
592	842	0.9442072117434981
267	816	0.9799391509139722
771	881	0.9349500741380871
781	941	0.9601940819840514
744	815	0.9324009115573095
744	769	0.9392803428143326
586	763	0.9765578520026121
623	690	0.9407807369005442
320	592	0.9467278905293794
485	841	0.9463059242452789
320	623	0.9579201975120191
507	623	0.9667814810021005
742	807	0.9753085581138622
623	710	0.944594246677625
548	876	0.9461214869228503
742	866	0.9392602318252283
422	710	0.9516826526757008
449	754	0.9800228523965582
267	623	0.9584984539216355
623	795	0.934540721659313
320	552	0.9790916048066738
761	832	0.9390325149935559
763	867	0.966022693016967
449	711	0.9586874019829605
421	842	0.9452628749603833
219	717	0.9433024439516677
763	840	0.9606794358340311
779	866	0.9369903510639761
449	769	0.9753858640343359
881	963	0.9393517680912102
619	761	0.968861072928032
536	769	0.9748406230980926
628	780	0.9669150983691946
842	874	0.9911374741902894
765	832	0.9689343015066327
795	854	0.9513892315568917
552	842	0.9424227093447397
303	853	0.9898730120152691
674	800	0.9568545156803099
640	742	0.9507650047047187
881	981	0.9818041166715757
329	912	0.9614201238680509
592	874	0.9513711042089097
640	854	0.9617877143293094
619	781	0.965822463423297
750	781	0.9407688099624789
719	771	0.9799818849794993
704	750	0.9459569903775844
449	677	0.9411466437839142
781	800	0.9944509062260594
711	803	0.9460523412396341
702	771	0.9431855588934461
522	853	0.9343003796211915
555	771	0.9736748971940041
632	797	0.9356075740690877
801	981	0.976644568360473
642	690	0.9589492221367792
769	963	0.9476432328077345
613	782	0.9444171048289225
552	555	0.9701029223793165
449	639	0.9613524440808096
812	853	0.9607542618567032
832	867	0.9653620604452546
719	795	0.9557013828667413
785	803	0.9679981298167409
640	841	0.9566364322242424
623	816	0.9513986734923578
555	981	0.9370267820760443
815	963	0.9658079656182822
765	794	0.9521256334259336
832	963	0.9590809304365582
628	815	0.9392365868155147
797	963	0.9715591535297631
780	782	0.9539119229750073
786	840	0.9829928940181708
548	941	0.9802030599438134
592	803	0.9720409484583633
711	816	0.9872445421667995
555	795	0.9350386507375726
742	941	0.9561649963358088
122	715	0.9506617561400733
763	803	0.965359687698293
780	812	0.9338157050747165
422	801	0.9407720195192165
507	801	0.9539264928185553
555	941	0.947704728561443
765	912	0.9644054475610817
552	797	0.9384779908394858
767	782	0.9699873445794065
710	854	0.9445758823748116
613	795	0.9360577752636842
267	548	0.9487002437824947
702	763	0.9556834045347463
754	816	0.9811076334905681
422	842	0.9363193069727167
769	795	0.9409601455023233
640	761	0.9540259589771813
744	816	0.9370841962904561
555	761	0.9559990816683512
507	548	0.9511350236641112
771	912	0.934595936868315
623	765	0.9720007439032973
473	642	0.9553566750678194
619	769	0.9877483077918358
710	797	0.9752002235906096
789	808	0.9371619142581594
690	769	0.9434280451160182
548	892	0.9577841505729294
785	797	0.974959959255798
711	785	0.9344070182906259
320	981	0.9441863219932359
704	812	0.9790165719079463
710	767	0.9343666553481437
717	808	0.9565684296234086
620	832	0.9469867005044963
771	794	0.9348327002658323
767	789	0.933660858298019
767	803	0.9765961401271726
623	679	0.9811770358972458
449	536	0.9881735830329776
620	854	0.9593416132820174
717	769	0.9570285536785312
329	421	0.9671394369022484
704	816	0.9445202550760532
522	715	0.9512681897925951
613	719	0.9321781994740461
702	789	0.9635038639689266
842	963	0.9530484478545311
782	981	0.9515896777519941
623	711	0.9655297420340723
421	507	0.9354021997134785
765	854	0.9584012366151307
619	640	0.9783521443628032
303	912	0.9654939716650239
702	711	0.933431929803759
808	867	0.9566999451119285
320	963	0.9758427438524011
801	803	0.9553481465015411
800	840	0.9825322167128245
876	912	0.9394030125665747
122	963	0.9586555121932139
522	797	0.9798176350254502
704	795	0.9444497599607706
679	744	0.9679909722397861
142	619	0.940736209198113
329	842	0.9599909861682693
679	874	0.9818113175479513
586	867	0.9491360409944541
781	816	0.9834364444709163
329	794	0.9498272162745369
620	672	0.9644711606517891
782	941	0.9706390003384211
711	754	0.9656755918828599
744	795	0.9392807457866648
702	779	0.960821578898041
412	677	0.943551317392558
765	800	0.9383111839981375
702	717	0.9410370456955126
628	892	0.9650366301197997
711	808	0.9649779233371634
753	763	0.9587711379243538
628	672	0.9572350556570268
808	853	0.9571595514199355
702	874	0.9777268504196186
536	753	0.9750495690358125
536	866	0.939620490449659
142	711	0.9546937951092194
320	642	0.9566500586939524
794	812	0.9754358790614123
623	892	0.9749782777145033
717	800	0.9450063681892986
679	963	0.9567614931190491
267	619	0.9783335260367074
717	786	0.9555219766843863
797	815	0.942408092233807
303	717	0.9534529471946875
795	797	0.9804888876845921
522	690	0.9323119417023815
779	876	0.9552203292522448
142	750	0.9607823305391562
507	704	0.953860869373937
303	750	0.9407560262891754
536	782	0.9549230190927973
628	816	0.9593103301165589
421	981	0.9465167082342174
767	840	0.9693219892161107
522	795	0.9673433517996648
473	789	0.9447902664371111
552	750	0.9762695338633096
782	794	0.9396875526650036
303	552	0.966777060694625
303	876	0.9383138016821092
573	771	0.9329146672652057
628	807	0.936815403776839
522	789	0.9458456260014921
800	853	0.9569244740695575
592	881	0.9734467458458327
771	797	0.9331197088943223
812	912	0.9741830560911471
642	812	0.956505528869072
794	808	0.9343763812025059
842	854	0.9514490711920365
842	876	0.944961520088639
679	876	0.9467161909419187
320	719	0.9805623384214548
816	963	0.9374674277101104
840	842	0.947874781785889
320	941	0.9495901714099273
619	677	0.9466367786164245
719	797	0.9394668720545515
674	816	0.9741601080089209
586	803	0.9763363153974453
122	832	0.9433756980922067
726	866	0.9423579626722336
679	892	0.9745874195195947
803	881	0.9683488613308484
628	867	0.9749710569160648
711	717	0.9759278666378444
642	867	0.949285181508603
779	785	0.986284718741702
142	620	0.9625515468242878
744	876	0.9412895719504031
536	786	0.9471094697902334
379	963	0.9592579197554145
552	761	0.9672982773763263
717	785	0.9481803987116482
816	941	0.9839187276905108
753	867	0.9515909568059799
620	761	0.9662237392722708
267	941	0.9757554018916026
639	726	0.9412418256568376
763	912	0.9655247506729577
832	853	0.9604005073036472
717	841	0.9411269439561386
912	981	0.9942487685340904
789	832	0.960045695743221
592	840	0.9693549703075715
753	808	0.9389564822494283
507	892	0.9824749770079335
507	981	0.9630619210556076
628	941	0.9842291099559026
677	690	0.9554018783748357
267	800	0.9742546941559703
555	672	0.9490332063060931
548	816	0.9512364545359601
642	801	0.9483242662473657
548	679	0.9846829080308297
711	800	0.9710613870566871
620	807	0.9561728007503171
753	780	0.9458815680756716
704	765	0.9591223700877831
592	620	0.9327684631920772
628	981	0.9662347722065936
522	912	0.9505438077087354
679	767	0.974872741249749
320	555	0.9671129560096694
586	711	0.9657022995784856
642	853	0.9947116248179357
765	842	0.9729580801200077
552	742	0.961456837468331
303	771	0.9621390222361983
732	767	0.9493365932325275
320	765	0.9826236645529434
732	785	0.9409625967146604
803	840	0.9394979313466103
679	717	0.9499409783339567
840	912	0.9435964423827191
473	623	0.9690470386559276
867	912	0.9455436649763515
320	422	0.9373263764353348
789	812	0.944544896885266
702	854	0.9452540869551126
771	812	0.9603407412817013
690	711	0.9617417111717375
555	963	0.9335238660100253
573	732	0.9523667089167236
640	750	0.9805064330415048
632	677	0.9417306885271163
552	763	0.975772117596561
763	765	0.9673039966585577
552	620	0.9708258761281804
522	702	0.9756795195506391
640	780	0.9352694975248871
763	874	0.9757757029692318
303	421	0.961620503906252
320	674	0.9521456746281115
767	812	0.9608967962977437
219	800	0.9571804405396311
552	771	0.9789352583714913
719	789	0.9702880412129118
690	717	0.9822473033147874
732	771	0.9726184553786257
642	704	0.9644800868938861
719	841	0.9438056021477454
876	963	0.9766488361813297
552	717	0.9800375277363866
726	750	0.9510606007133328
592	876	0.9574641999470013
771	800	0.9580823463435666
552	795	0.9660627470410547
816	841	0.9645612601288551
674	941	0.9545848236329457
586	941	0.9813435188243013
473	801	0.9803064002105378
628	803	0.9919965762407011
679	801	0.9684659637685897
763	794	0.9611219928475656
803	912	0.9711551209015095
690	794	0.9352178768045525
789	876	0.9514931765019161
379	619	0.9428719040844284
840	853	0.9749748769288893
142	742	0.9337050485453102
628	767	0.9782521156213206
672	763	0.9554243681634436
803	981	0.9800027680883902
704	963	0.9420759711370655
619	786	0.9578287553704152
732	842	0.932433212906818
794	797	0.9373007421181898
628	719	0.9618693000744047
767	801	0.9516869601802118
795	963	0.9837784664031359
219	642	0.9447195286305234
267	704	0.9670611990989306
592	892	0.9369386401618054
763	853	0.9856354768204294
639	717	0.9325726437328972
711	807	0.968362140154712
639	803	0.9502339880929727
485	780	0.9465159662161226
763	807	0.949140407906947
592	816	0.9742465381064312
724	744	0.950951428911248
780	789	0.9752465636732991
536	719	0.9582057357224963
808	842	0.952979606939696
719	812	0.953765885753528
303	744	0.9420507828132099
485	619	0.9586536509556318
320	800	0.9327360222103871
507	592	0.9512980901781392
536	841	0.9907703178985834
320	329	0.9332669969925491
840	881	0.9821808495714616
750	771	0.9595964755560558
536	640	0.9616794893716736
628	674	0.9387681430521755
702	797	0.9860416649911197
320	789	0.9801609928367121
473	892	0.9883180889926036
789	892	0.9463227856157127
421	711	0.9400611445580739
613	744	0.9448111904825769
536	690	0.9421656542854543
690	854	0.9774370154459754
732	941	0.952297179831121
765	779	0.9593951627100437
421	473	0.9519032860678411
853	912	0.9839692660355148
750	800	0.9542470615708127
642	719	0.9694957715373131
677	711	0.9323204213060499
717	763	0.9707309908057122
753	795	0.9402714840510953
674	719	0.9731958870125867
507	789	0.9637982891216523
763	767	0.9876646486696072
642	761	0.9450567971842472
780	815	0.9838957467219465
586	812	0.9601720727091583
473	785	0.9596317441075424
812	832	0.9670909559901645
642	711	0.9872054879318954
753	785	0.9531182306140431
303	620	0.932633139390877
674	767	0.9475967111520509
785	876	0.9669388731755898
881	941	0.9901859815185042
765	840	0.9392238066132619
303	816	0.9880262940877806
640	677	0.9433983786548368
690	767	0.9450167092191912
704	771	0.9725828270725272
782	807	0.9479727499125332
732	761	0.9583046898113792
122	815	0.9603990512952991
771	781	0.9453079626110233
507	522	0.9824427923504788
763	881	0.9739041899287915
522	874	0.967690926939736
473	876	0.9669472424340841
573	761	0.9677876589814403
639	963	0.9396544922514942
628	801	0.9331231484115188
679	782	0.9773504410112687
674	750	0.9889226475779973
623	674	0.9382497997393915
704	763	0.9713958575318606
765	797	0.9742467987386466
592	779	0.9517443021493159
753	761	0.9485049905287122
555	719	0.9749903903632005
963	981	0.9428828230192392
750	832	0.9539679156611229
690	782	0.9678753409704572
552	726	0.9528304805813561
679	702	0.9686199033844971
219	303	0.9462530519493477
779	812	0.9328904011243743
672	717	0.9609590283863784
750	769	0.9711800360292993
765	771	0.9601553439870114
690	853	0.9441708674866637
522	765	0.9740423238839923
679	690	0.9468765699240016
379	640	0.9518411269634801
267	874	0.9607305226041303
690	765	0.9466158742667239
771	803	0.9327387258835129
771	840	0.9345233745232941
717	867	0.9380969073425316
719	840	0.9340058093005943
613	632	0.9562398708034441
639	672	0.9436542948623905
640	779	0.945136064677657
303	807	0.9709469857551104
789	797	0.9562155076886167
555	674	0.9741427483760684
672	803	0.9362917046339103
619	754	0.9751554095684298
303	623	0.9792875596544106
592	719	0.9542620691350261
719	786	0.9691430427750173
619	767	0.9417569793902633
732	816	0.9728333336741384
874	981	0.9871470875265134
761	769	0.9608390099627753
329	812	0.9391691271188469
267	808	0.9491930373698323
767	771	0.9557205370777149
219	674	0.9493895728217713
782	816	0.9686025538678746
628	769	0.9538191447319162
867	874	0.964522399904719
674	808	0.9498183056473688
767	769	0.9392180784538338
507	613	0.9393309669266976
522	628	0.9628437275273688
473	719	0.9560070392484042
771	892	0.9494234607801246
742	753	0.9696843835347958
801	853	0.9573362722810487
142	732	0.9644693212259434
552	876	0.944859521576896
640	690	0.9564547743670178
639	832	0.9528136296536636
704	767	0.9565119521685057
704	769	0.9334750600379318
674	769	0.9623333127638574
267	779	0.9587644057853636
771	807	0.9438018297796622
794	981	0.9794509429833045
267	761	0.9564312907308621
715	785	0.9577976459675164
628	795	0.9650257076735345
555	586	0.9489584806801815
267	710	0.9432552021086187
619	866	0.9410818382315358
771	941	0.9540139891564943
782	963	0.9709090932859369
711	765	0.9454651921389953
781	853	0.9334695721517523
522	786	0.9391542465610554
711	782	0.9764345442987072
640	795	0.9319786503736353
449	771	0.960061658096998
782	840	0.9489357569838599
619	807	0.9757294995067126
785	941	0.939635459039949
765	786	0.974169731119216
473	832	0.9600388339006686
732	782	0.9681952458485676
704	842	0.9699935548020086
628	853	0.9682454437928267
449	592	0.9454918484174106
421	881	0.951420040496348
807	871	0.9783851032217781
267	702	0.9595353196205283
329	642	0.9620690572671933
750	753	0.9659830587658083
769	789	0.9647695710340657
536	781	0.9746438251074199
785	795	0.9910171617556558
639	941	0.9878691428283048
763	812	0.9682502554267074
744	842	0.9468457715818746
421	816	0.9406455031829262
672	704	0.9414280573775786
753	853	0.9433248221789045
329	704	0.9345424869171788
573	640	0.9716531178646863
619	674	0.9796763325473206
507	874	0.975203947061096
379	522	0.9371956927535747
874	941	0.9668938173011126
711	871	0.9466623303274335
690	704	0.9830561441781815
267	640	0.9504803749316382
628	702	0.9774423013803368
719	807	0.9458458934562601
586	892	0.9717543445932735
267	841	0.9630794982752395
122	780	0.9624154946460799
421	892	0.9433560749775931
832	840	0.9409905065900699
710	812	0.9850383535055525
485	750	0.9437206839645298
620	808	0.9333086297553688
548	840	0.9666086343289297
586	717	0.93461922878348
267	853	0.9664167115126666
619	726	0.9728456414147888
619	779	0.9491683531254562
679	912	0.9863762365013342
763	832	0.9788620771350651
507	767	0.9567828379368868
303	690	0.9417284819770773
507	763	0.9524857722030236
841	854	0.9531300930821629
769	780	0.9481089132158143
642	785	0.931960937515319
619	628	0.9440082373236406
715	789	0.949321847329804
320	690	0.9687957065868917
679	867	0.9607544462973718
379	552	0.9544175574467707
267	866	0.949637572911954
639	881	0.9731249004705698
555	619	0.9550060166093999
320	763	0.9709298679716096
672	876	0.9359210437948162
866	871	0.9357660476507794
548	782	0.9659996390874169
853	881	0.9896443539117679
642	763	0.9912203888378488
586	876	0.9462618036404695
763	941	0.9829176702229365
742	767	0.9365767167707171
674	807	0.9578385396051873
782	797	0.9450897387488855
642	800	0.9683295417980524
628	912	0.9569120458958724
744	812	0.9436074673724331
795	892	0.959325420878114
267	552	0.9915006725522921
769	771	0.9481434650429768
732	853	0.9508354565917496
842	892	0.9846415950793681
794	803	0.9516956825531089
763	786	0.9861909110318623
267	750	0.9650944911266174
779	782	0.9604662984613592
485	620	0.9417599793979939
840	874	0.9415519869009924
702	715	0.936023319119778
732	881	0.9340104609430826
732	763	0.976775216101199
552	592	0.9713620168863628
786	816	0.9829683441115984
801	832	0.9339742669650297
613	785	0.94667489851269
507	815	0.9531830157367456
619	800	0.9741170501205897
672	786	0.9490709973216969
797	867	0.9708698727739323
771	786	0.9639325623553734
473	867	0.9668807261675992
548	803	0.9770729714481202
702	753	0.9320967672640136
320	808	0.9612873952391039
853	854	0.9487180030929073
329	628	0.932739759670032
632	715	0.9527556820299374
586	771	0.9402243994756505
912	963	0.9391051424198825
867	981	0.945353173641509
867	881	0.9391891341946016
710	981	0.9409369556359537
329	941	0.9475974065797218
320	586	0.9481220251489492
267	876	0.949307705496757
840	871	0.9541320662494019
421	832	0.942871878863442
536	761	0.9568367805872797
842	912	0.9943824975351249
719	867	0.9577983086077291
573	841	0.9490853960476102
421	548	0.9366432455369367
679	795	0.9352458928146583
329	874	0.9566500558152722
628	876	0.9831485101369832
632	785	0.9395378249137654
628	639	0.9712669698725405
552	867	0.9682353331108399
592	744	0.959501301703281
726	753	0.9681601972137723
767	781	0.9364439171864543
711	981	0.9461061103464372
628	782	0.9717817545657547
672	841	0.9628909852074505
536	620	0.9710483230121192
473	548	0.9487682823316967
679	719	0.945305517333065
619	690	0.9631966010213919
782	795	0.9579131479015248
769	785	0.9546083412308538
771	854	0.9831867230806676
754	771	0.951353926128885
623	785	0.9419742183524451
142	782	0.9355075094317398
763	771	0.977327445205686
672	808	0.9428282439226627
485	769	0.9496573216055759
522	552	0.9393066452649608
485	867	0.9375131288917012
717	753	0.9566523656009023
704	786	0.9610437798464315
555	677	0.9569636470071321
711	867	0.9438772393470303
711	781	0.9497607440635434
808	854	0.9377671038151023
628	800	0.9483754597516126
449	832	0.9413436564080467
690	789	0.9471276283577612
786	803	0.9727967775541515
379	785	0.977246056594393
592	782	0.9655119158710251
750	786	0.940092822973819
679	732	0.9350584208863648
267	892	0.9577463398803285
789	816	0.9353107354648604
548	711	0.962065652907458
717	854	0.9773182787987729
267	719	0.9840612734976323
320	786	0.9646347228305676
763	795	0.9412496603425637
613	672	0.9353973075257065
507	779	0.9663309534684936
704	803	0.9380319406986246
795	832	0.9612177188527051
786	800	0.9801421975429545
592	628	0.9865531714337133
473	628	0.9656809126832571
507	941	0.944599497856085
592	807	0.9615078477880374
794	853	0.974891622784992
853	941	0.9872873954492617
782	876	0.9413101828489672
639	767	0.9666905250557287
449	620	0.9700749957302277
422	704	0.9450331958305591
711	794	0.9371281908602339
449	619	0.9839080870852508
639	642	0.9695785639618821
555	753	0.9430927077033575
779	963	0.9810402491548513
592	732	0.9451521511845498
320	842	0.9622598135421604
320	794	0.9384791769757073
303	963	0.9499054025084123
807	840	0.974752258637698
642	710	0.9360561662095872
711	854	0.9616189998704824
552	632	0.9322983020813191
782	912	0.955507308562513
753	963	0.9549298848610128
507	586	0.9547739173899945
623	874	0.9880193518975496
816	881	0.9662732416521318
832	892	0.9615966794430211
690	710	0.9606561192792353
803	874	0.9839290971524869
702	892	0.986527192665784
122	795	0.9583567649964111
485	854	0.9369361843304126
552	779	0.9704327004721707
555	717	0.9837445709877815
522	842	0.9583234049310763
812	874	0.9815443658784961
642	794	0.9648054664726347
719	803	0.9457187941720235
267	795	0.9610203379950092
702	786	0.9551833804579037
803	854	0.9321886923770252
320	715	0.9383469428083688
801	874	0.9847155653388292
832	874	0.9652937774921051
732	800	0.9614345427841382
690	785	0.94562405020995
816	842	0.9391507386959771
552	672	0.9907645734054433
449	719	0.9700429096035346
771	816	0.9665813907178427
303	320	0.9523524918055583
816	866	0.9443829421842301
379	854	0.9492704121136168
711	842	0.9581077787486478
690	800	0.9336284009585507
771	963	0.9509748370968728
552	892	0.9471763864997986
619	750	0.9881547483108244
613	684	0.9332097759566911
620	726	0.9465919714945388
704	854	0.9709133931717677
639	753	0.9747516307828872
552	874	0.9452504186307289
485	552	0.9552539577253847
536	717	0.9591432202588654
522	555	0.9371023252596369
874	881	0.9706196311662623
782	892	0.9589524024289694
786	876	0.952373632769616
303	781	0.9675074771694655
769	840	0.9338073497715329
421	876	0.9434552478251998
767	832	0.9721871806326834
320	761	0.9379513089780274
771	853	0.9600236680940519
555	794	0.9480601912591351
769	807	0.9655620945385125
303	801	0.9320590571539329
592	781	0.9519970484834434
628	732	0.936590628351728
329	786	0.9585519561905498
704	797	0.947079532319621
473	854	0.9438828602621475
329	840	0.9428091739170215
449	552	0.9776386602351648
642	892	0.963438876991073
690	719	0.9772874919230515
142	573	0.9418383510937467
672	732	0.9657571476177659
555	801	0.9356001104887426
613	780	0.9445890031107373
485	640	0.9654500381009565
555	803	0.932880124033494
732	754	0.9668350255646899
754	761	0.9433384579002246
548	801	0.9508960188004368
642	840	0.9778215364433601
769	854	0.9483520295033379
142	832	0.9433659871405184
808	981	0.960350813082433
620	786	0.932598385052101
732	753	0.9585784198341815
623	800	0.9406401871252494
786	832	0.9757840033276203
473	767	0.9614069213723823
267	981	0.9362703308818083
122	744	0.9473506309737085
717	732	0.975199086858352
674	840	0.9398233319924953
840	941	0.9856217169025082
623	881	0.9838272088171185
507	832	0.9693294430661386
780	803	0.9611144737063422
620	782	0.9571734532550843
507	672	0.946078510110766
674	789	0.9373902561695835
639	763	0.9612399465940722
303	874	0.9685752009835595
592	800	0.9655543967612712
769	871	0.9459647958484574
267	765	0.9788390858489036
642	842	0.9824102111165236
704	711	0.9563423585310463
536	619	0.9851156130491481
679	812	0.9767340335712976
219	781	0.9486340087600862
632	702	0.9471353801779965
555	881	0.9411109900550745
854	941	0.9436568392135455
555	640	0.9435824084277016
711	812	0.9419050780472615
586	767	0.984240501145561
522	801	0.9554960192399969
303	473	0.9475682173764952
782	808	0.9663125129102579
640	771	0.9421182914420603
710	801	0.9658023935751211
640	674	0.9656423376866883
782	881	0.9620619963487297
421	679	0.9376708233628417
753	769	0.9835779540299225
763	785	0.9541090094272442
702	744	0.947634503411841
473	853	0.9572304905419708
786	795	0.940585983215811
320	548	0.9370177866691102
797	854	0.9364991604085958
726	754	0.9562777084411882
267	485	0.9357606241766208
122	779	0.9632867859008185
690	786	0.9507940606369506
536	941	0.9459897025563597
592	795	0.9357517180115837
219	711	0.955128884648543
719	876	0.9410197514821181
219	786	0.9390922898256676
786	867	0.9614705217701867
742	832	0.9443934624168345
592	866	0.9508558632055941
473	797	0.9813647902756539
642	754	0.9424601371949506
473	782	0.95125954832487
619	771	0.9649887348821178
640	719	0.955461773298306
303	767	0.9847917639555754
744	753	0.956963954034382
832	876	0.9561756152100412
807	881	0.9462456648214198
619	854	0.9678367278145884
785	808	0.9564433641157188
507	642	0.9432285187939011
702	801	0.959344191545145
717	963	0.9357692255351484
628	842	0.9640008661790123
619	753	0.9857693800005467
320	832	0.9775751257752752
785	874	0.9482601095135303
219	742	0.9388098776860705
786	874	0.9775085501790022
672	866	0.9435580257292295
711	881	0.9751356949116186
592	785	0.9493319389296093
771	841	0.95891355870272
303	329	0.961172575696347
767	892	0.964712460478659
552	816	0.9784578042234121
620	941	0.9323493309649944
672	781	0.9424821014482008
379	769	0.9353331586576339
473	771	0.9549825619522359
812	881	0.9386865853319686
765	963	0.9808547630687179
742	800	0.9664969202636787
303	840	0.9897344514502681
552	710	0.9366621193545333
586	639	0.9568651198860924
719	763	0.9809051037630523
794	892	0.9724783782038673
548	786	0.9781185426623404
639	674	0.9432123352947923
801	912	0.9859299175986048
623	786	0.9854254818475521
329	711	0.9451075199516833
672	867	0.9643199053569051
507	842	0.9648108021962631
623	753	0.9423385349552045
744	963	0.9563535178584806
719	769	0.9678961434646245
679	816	0.9415065958906883
473	842	0.9792904474697957
592	963	0.9640405424347185
586	981	0.9935569040925657
522	963	0.9682894428119444
552	642	0.9650092283639251
573	750	0.965722782821211
592	753	0.9775416645098575
719	732	0.9713300659129481
719	808	0.9545179184228336
639	874	0.9383003223995465
623	801	0.9685195782833106
744	832	0.9610210065588429
122	672	0.9448172472916321
780	867	0.9713053546043575
765	767	0.9688230364806285
555	769	0.9405543602029393
122	867	0.9486370019369381
449	816	0.9792503927557424
473	963	0.9640564715734858
329	801	0.9407814412978321
801	812	0.9794426122625859
639	771	0.9338190415428087
941	981	0.9650252916721413
704	732	0.9679314626731665
816	853	0.9680625768935979
555	628	0.9422189630526838
555	874	0.9541747413371149
552	807	0.964063978050171
379	815	0.962326295328781
536	552	0.9811947304530502
555	765	0.9499670647263871
690	753	0.9392621338347515
555	763	0.9775160108322563
690	842	0.9494702030556442
639	807	0.9804614252328289
742	841	0.9531076847428173
767	807	0.9411491281747977
719	744	0.9426507435857054
619	840	0.9397832471983003
507	765	0.9848428814719254
379	715	0.9458894420548106
320	744	0.9455363045777346
704	874	0.9559298903987143
763	808	0.9699366734851652
807	816	0.9929452490157931
710	912	0.9558981872093449
628	763	0.9713312133968782
639	769	0.9619479086587994
704	719	0.9598441451903551
303	981	0.9634264246838298
744	892	0.9350374569642667
592	981	0.9486336797479432
122	702	0.9388347911384529
642	672	0.9351487970356996
719	761	0.9605675374169025
786	801	0.9436606988884262
797	832	0.9467595301697848
742	769	0.9648943710002614
536	672	0.9718683613820289
732	812	0.9414808372198432
710	867	0.9533011234852218
122	765	0.9452595263211783
623	642	0.9835431821765466
628	797	0.9547312320379251
761	816	0.9501370865356629
449	786	0.9501956920939258
620	816	0.9648383779313701
421	765	0.9463433499935283
672	677	0.9326331050699277
677	761	0.9797267943697008
628	963	0.9868494091637691
754	781	0.9707592308810209
782	842	0.968066918171083
623	832	0.9660194934729625
267	522	0.9408525690290181
619	963	0.9409935165973169
761	763	0.9468181927702544
552	780	0.9596485528107336
765	866	0.9364003002222432
765	867	0.979539506989173
422	555	0.9465966029115114
552	803	0.9526959658983152
623	812	0.9656788622697795
711	719	0.9743574889073197
767	867	0.9644785122706448
769	786	0.9579080881398996
522	704	0.9409347974351483
619	711	0.969997746189593
639	816	0.9850537476679051
267	592	0.9676271541595073
536	832	0.9347807457000781
765	808	0.9510319765714387
552	613	0.94339346576537
715	779	0.9481008770473758
586	874	0.9872137824956835
485	782	0.932885353310277
642	781	0.946885953605626
422	719	0.9339753682128598
267	803	0.9598990782278385
219	267	0.943777468688749
769	867	0.9490638506128002
536	771	0.9652562785095093
586	800	0.9439912881626189
422	892	0.9385216764911616
620	704	0.9409830238633352
803	812	0.9662732458554424
779	867	0.9723574505249739
719	881	0.9401022905814972
142	763	0.9428445803235135
702	794	0.9490250617613099
267	674	0.9712349881802791
320	853	0.9498303944270103
586	963	0.9446293598012323
779	815	0.9788978347265367
586	753	0.9369467356663725
765	941	0.9627821311764628
765	892	0.9790035988727191
679	941	0.9674933694577332
548	794	0.9636018844035391
620	719	0.9618557423427255
679	753	0.9359191042571897
303	674	0.9573096337583993
555	573	0.9396948921626216
785	867	0.9864349115506501
619	763	0.962205028698967
555	832	0.9692553486966702
473	555	0.9477444068393732
473	812	0.987002132400072
548	555	0.9383648384960988
797	981	0.9436364752155135
267	717	0.9715735976373567
421	642	0.9518353092820875
771	874	0.9522540849813644
763	892	0.9660037393809646
613	724	0.9665883553484766
642	807	0.9544050845237675
320	782	0.9742880030042991
711	753	0.9672447396207431
765	881	0.9520077742882063
473	786	0.9603935463061896
781	840	0.9745427392933681
800	816	0.9933402075377546
592	672	0.9543290428947593
628	753	0.9651406611529377
219	816	0.9649167232137441
219	769	0.9358853529164559
552	866	0.9419668415407718
642	816	0.9784077456626065
789	867	0.9800367157948426
619	841	0.9775767712187048
753	800	0.9804693643112034
548	912	0.9805591488999357
303	800	0.9816007645800222
536	840	0.9395525030204681
619	832	0.9620293393250933
744	765	0.9568926211762617
812	876	0.9562444349905717
623	763	0.9786580378289165
785	832	0.965339343485106
717	765	0.9418908172131937
303	867	0.9468022963745845
586	702	0.9561480085109995
744	803	0.9604717486204681
449	841	0.9839741466231104
555	642	0.9705476524674813
548	853	0.9826737571201194
786	866	0.9404693222301341
702	981	0.9631611187298385
750	763	0.9576504008010871
619	795	0.9354052649350956
710	717	0.9363621184733893
704	761	0.9440591969960503
679	711	0.9644754289710868
555	816	0.9539739560775997
672	753	0.9733322184477451
449	726	0.9747865735113581
750	816	0.9706155789391566
379	795	0.9631058225123204
620	789	0.9323382235905899
267	753	0.9764553312255588
142	769	0.9348170236316222
789	815	0.9542931401106902
303	941	0.9954138540098831
548	592	0.9702864955086896
732	807	0.9592636609973211
422	812	0.946648743128191
320	874	0.9689561923251844
912	941	0.9607839713346513
473	690	0.9439791501883956
639	782	0.9489723637435078
522	767	0.9513473905630149
753	767	0.9534352132030968
717	816	0.9658694857152905
267	786	0.9812039583981949
536	592	0.9433415377405229
592	780	0.9466400256147504
769	841	0.962229973705216
785	854	0.9600228722148358
690	816	0.9478735774686803
702	765	0.9845722070292442
586	719	0.9443733013322685
717	761	0.9715062855614032
548	642	0.9746206472621709
592	808	0.9598404852894382
320	771	0.9729338217566118
786	941	0.9919552112095472
267	586	0.9549299151877235
628	832	0.9704670869112759
840	981	0.9414503323552174
674	785	0.9348974676312705
573	726	0.9451817112924226
586	832	0.9580710071636098
548	881	0.989521618684732
765	981	0.9603642598886237
536	677	0.9348178185705185
785	815	0.9687379806139746
789	795	0.9844314175782855
780	963	0.9799503466130559
684	724	0.960222739174198
711	750	0.9735772557877627
619	742	0.9779074463735471
536	785	0.9336151375043158
623	912	0.9842979168588034
267	867	0.9668715479148206
421	853	0.9513707974228329
812	842	0.9807676304708135
267	329	0.9381920863879725
548	552	0.9390819745318437
620	754	0.9732743537492636
592	912	0.9381249981256787
421	941	0.9544182375232071
219	871	0.9388439448516941
742	816	0.9780225906584685
303	548	0.9770965286229927
320	753	0.9499933375259715
267	711	0.9756884044031972
719	853	0.9507523687886769
832	941	0.9628342279440928
771	782	0.9711291929683681
717	812	0.9495685883515368
628	786	0.9805483996599837
753	876	0.9369270554246985
620	763	0.9546675084739917
794	874	0.9828009970436455
303	754	0.9501037484692645
779	789	0.9787952281956367
421	840	0.9410413306885945
142	704	0.9353659052545897
771	842	0.9561581833436537
702	815	0.9418380162438108
717	754	0.9441611130168159
619	808	0.9336782776035399
219	639	0.9393205506515084
812	867	0.9693769553677826
639	840	0.9849125793337237
473	794	0.9704425265654886
785	842	0.9397944114074774
586	642	0.9877156164196143
674	853	0.9520203392559041
769	941	0.955180928970933
555	842	0.9611562251056904
473	912	0.9725155440313408
267	842	0.9603492367986306
573	742	0.9362923197651767
592	702	0.9457114802958226
620	717	0.9782503540900993
303	555	0.9549528699907395
690	867	0.9434965330651458
623	963	0.953999680703185
642	786	0.9915022849539243
711	763	0.9895713706296783
122	785	0.968786274417176
717	795	0.9355662832913091
840	866	0.9489791143854167
320	421	0.9424387158998275
628	808	0.9677636973351749
803	892	0.9766398263861171
786	892	0.9639600347564468
711	840	0.9694275522828069
219	719	0.9454337686377674
548	765	0.9602289308922043
219	841	0.9453438373782013
586	881	0.9940552841150647
640	732	0.9506237020779063
767	797	0.9331551538389173
555	812	0.9674213081570913
808	832	0.969474954525306
719	854	0.970652231582679
815	867	0.9515405431244823
786	963	0.9588521657181674
329	767	0.9430481844846192
536	732	0.9674412555814047
679	808	0.9639623657886367
329	679	0.9516638527097734
592	941	0.9883907320826508
522	832	0.9526857184053351
750	807	0.9612014672139015
620	742	0.9774841771310773
892	941	0.9502049659483829
522	719	0.935724305993516
754	800	0.9757582646075248
780	808	0.9485966199339285
555	867	0.9423064213687966
753	754	0.9569109505104516
592	832	0.9667035411055754
640	726	0.9484214314527959
704	801	0.9467482003831044
267	473	0.9577768882468816
623	767	0.9863650872462425
816	867	0.9355880319953052
702	803	0.9827792074670417
613	704	0.9348247544318387
555	679	0.9636518554100717
876	941	0.946597559417228
786	812	0.958211958816106
303	586	0.9831376529044746
717	842	0.9417172772694048
672	854	0.9659388929919581
536	555	0.9456415566854433
522	794	0.9464308159897931
619	639	0.9560604550129607
892	912	0.9808303678459647
789	963	0.9729667714405605
552	754	0.9599848886332357
767	808	0.9598323051321447
449	750	0.9740148041351835
320	867	0.9763067242040353
619	941	0.9527905309404061
303	832	0.9630000909254485
794	832	0.9368430916545234
754	941	0.9485999030921195
573	769	0.959649684632738
613	812	0.9347951201287482
548	628	0.9723233749812019
690	742	0.9368280912052722
672	789	0.9832491203577964
797	912	0.9444338027363662
711	767	0.9754166440177232
803	808	0.966379850507521
704	881	0.9359309306877891
320	803	0.9656687971296212
623	981	0.9875858462009557
767	786	0.9889859766683098
672	785	0.9771514073153267
674	754	0.960544440884262
672	761	0.9519154248611202
122	522	0.9615394094594234
763	842	0.977202615277112
816	871	0.9693337386342946
677	717	0.9721466045564406
473	795	0.9664608498349397
744	854	0.944306369796889
812	892	0.986403177819017
690	874	0.9419287222784494
555	592	0.9401904504137455
473	586	0.9643101792061114
780	795	0.9779259774722513
586	842	0.989866991468902
754	786	0.9411716217933945
555	785	0.9435706235143551
642	981	0.9717359011697959
803	832	0.9619023567605478
853	892	0.9651125348366298
832	981	0.9473592203992076
808	874	0.9562519224172279
642	742	0.947570379368708
769	782	0.9629400895884541
507	797	0.9879977409790575
753	782	0.9721035841781014
710	963	0.9397263439151139
672	782	0.9694714551272896
473	552	0.9440859660177029
320	449	0.9380459799691694
679	794	0.981008338639284
711	832	0.9673457930476742
536	871	0.9497717278085904
219	536	0.961075223340627
690	892	0.9501724410362256
303	782	0.9696011095831261
219	619	0.9446556167037402
763	816	0.9752555767009798
782	867	0.9736822258607765
674	742	0.9713617100472607
674	871	0.9332399891015248
672	750	0.9695274929860216
586	853	0.9910203574763539
782	841	0.9356213736564956
449	690	0.943474701532703
874	876	0.9666481016863284
267	421	0.9424513806074057
267	963	0.9718767625395348
744	941	0.9531592655934307
122	797	0.9466827191467555
639	786	0.9828959075135129
867	892	0.9702401569051038
803	842	0.9736360458014134
267	620	0.9567004574202078
329	548	0.9393717777697796
797	874	0.9660529668675815
267	767	0.9689098834595873
473	507	0.9808346757909783
522	812	0.9724519603012273
619	620	0.985403485199575
808	941	0.9579110861116771
555	797	0.9322932390063674
639	750	0.9356406103304595
785	789	0.9857300603062774
765	874	0.9819750269709014
853	963	0.9463219373320055
702	780	0.9676502645496332
267	555	0.9683652492720423
750	761	0.9685591823131611
548	874	0.972446093152598
711	941	0.9842545924167093
674	765	0.9325778885714184
536	642	0.9391894334104447
507	552	0.9558657898268256
421	803	0.947207717579155
449	871	0.9640919516796639
797	812	0.9783674531189013
449	782	0.9439918869178554
507	782	0.9628587559842909
672	711	0.9520761253225125
628	785	0.971536812866665
800	881	0.9586560233068926
642	769	0.9443540295047319
717	779	0.9357412596710527
744	779	0.9584654005969713
767	795	0.9351341861454877
586	592	0.9626654663019778
742	782	0.9537622274745914
763	854	0.9671042310241493
794	881	0.955728572234448
672	815	0.9345691037845743
522	632	0.939023964774276
548	767	0.979904171510286
710	771	0.948058043658508
761	771	0.9534945538270435
536	789	0.9427410841887536
866	963	0.9387400707561666
786	981	0.9683206700166536
786	881	0.9857177481484227
449	642	0.9431263679080863
379	780	0.9652211971364024
555	704	0.9797851771030208
672	719	0.9742385107783957
303	619	0.9530498799437801
674	717	0.9880238511932097
142	690	0.951762414683286
812	854	0.9577839036670655
702	812	0.9819769049389402
744	763	0.9600854130557961
853	981	0.9808336224624112
711	771	0.9691770864015467
732	781	0.9406899833704359
803	815	0.9396296076949571
552	767	0.9586208134137779
522	679	0.9608541071886739
782	786	0.974608901871504
690	750	0.9687250879760076
555	744	0.9413405939373234
267	573	0.939144288988748
812	981	0.9640930028588272
763	779	0.936175783551294
742	761	0.9439150056653253
613	717	0.9534181510278821
142	219	0.9437467721317787
639	871	0.9696699983601469
763	963	0.9568052880792368
267	780	0.9478427815774286
719	767	0.9596498232989836
473	710	0.9767851002023464
592	623	0.9720795990015083
801	876	0.9338436190366628
507	690	0.9359568079387897
449	761	0.9619597838905363
142	761	0.9360986801458655
808	881	0.9540051525484726
854	892	0.9455489660257588
552	719	0.9842399097056533
573	789	0.9325411243895299
794	842	0.9892194104334078
744	750	0.9387537557060747
552	963	0.9712998327478758
801	892	0.978335195050973
507	715	0.9431464452747594
711	853	0.9802848681651009
267	679	0.9581262420558205
744	867	0.9655618526992372
449	941	0.9451554575729886
719	753	0.9597171471632536
674	782	0.9749623363157722
555	767	0.954488440476133
379	719	0.9360034707003766
573	674	0.950795214973483
674	781	0.9381076453691557
620	674	0.9854771857960241
719	765	0.9609777765703189
642	717	0.9629038557516341
711	789	0.9330233021532917
620	871	0.943396626923465
767	816	0.9655673706850938
753	840	0.9602464905793793
628	765	0.9827136675501639
744	786	0.9493990155314487
719	742	0.945614392239561
320	632	0.9445593246044229
779	797	0.9521421165308973
711	744	0.9527060896112924
555	613	0.9411510146505243
619	719	0.9718718260056856
789	854	0.9571155067566628
628	840	0.9550343789139779
754	769	0.9632756089662909
640	782	0.9496053573323335
808	912	0.9468306157808014
507	854	0.9414397861214552
623	717	0.9434067036761902
267	726	0.9397335838822314
619	672	0.9832967354174627
717	782	0.9772834084994819
704	800	0.9349984188565652
522	642	0.9331041068372217
786	912	0.970825984134621
679	785	0.9478497448825478
592	642	0.9692963432046877
742	853	0.9341331134137851
795	812	0.9677756589535546
548	981	0.9828878578823143
555	789	0.9372728132687884
632	789	0.9326385396162744
379	779	0.9788467068890252
941	963	0.9599651391443509
640	672	0.9740348592202043
704	785	0.9518304234199457
769	832	0.9550730692388973
303	769	0.9484384657269362
619	867	0.9441308405915441
771	795	0.9474932848695921
329	816	0.9382679544071377
267	754	0.9561230589491965
753	789	0.9558662408009515
726	769	0.9680773562415087
679	881	0.976991849488402
808	876	0.9508188896318083
320	769	0.9529808191366205
786	789	0.9428560680060214
379	789	0.9707232006368633
522	808	0.9455097128360576
807	832	0.9398019930156554
753	816	0.9804788738259527
832	881	0.9524940551959143
765	780	0.9588913169936639
552	640	0.9688958309287019
303	794	0.9477911533248888
742	854	0.9444579396541578
842	881	0.9750503375026249
639	711	0.9703715961512109
522	780	0.9556638819799486
732	867	0.941078462734265
642	771	0.9688078511998989
