1005	1223	0.98867811137564
1069	1074	0.9761103438863789
1118	1315	0.9739275656627797
292	928	0.9838959199554347
978	1220	0.9644080556585168
1129	1247	0.9671493636967816
1298	1300	0.9653111788274573
985	1173	0.9764112285157618
1071	1073	0.9851197732402777
948	1073	0.9721296717820129
1102	1294	0.9730244732372291
1075	1079	0.9689721612334441
1065	1143	0.9770937747966815
526	928	0.9731202459875388
936	1075	0.9655951860639334
292	848	0.9715999619586517
1005	1118	0.9726103382216169
599	1084	0.9763479086952837
1057	1074	0.9726714224714281
609	1041	0.9926899135744034
526	1024	0.9770522969584625
1116	1227	0.9750016436761428
1281	1315	0.9653341456212765
597	1046	0.9922389957582338
584	787	0.9783340747973379
1118	1225	0.9821507066199856
1220	1315	0.9750477818087646
994	1223	0.9730209817217975
1026	1227	0.9887146775003866
987	1300	0.9754283769466107
609	948	0.9629917848140608
828	1220	0.9717885512076643
1026	1074	0.9723418259615966
713	1224	0.9651569735842214
609	1247	0.9620712180455058
686	1085	0.9624417773595477
994	1074	0.9863087540181028
1202	1225	0.9937815367663906
420	492	0.9632769906179943
689	1220	0.9714413674290813
1007	1024	0.967061484285495
279	1259	0.9798421188447949
1073	1294	0.9850115028542652
689	1065	0.9663241457662775
1079	1133	0.964589139978361
420	1089	0.9728322006104279
1208	1220	0.9869255034839881
1007	1073	0.9804672699546135
609	1301	0.9678445835305183
978	1118	0.9735922065167135
1007	1225	0.9625988980421947
788	1101	0.9639069913166969
279	1184	0.9810985328490062
1173	1294	0.9768685155373087
987	1102	0.9813499454574313
584	1246	0.9803170590448936
1071	1194	0.9623922254755808
526	689	0.9753891995298412
848	1040	0.9673357965536165
1118	1298	0.9697668897080658
1026	1202	0.9805213752511822
838	1202	0.9772541932308603
584	609	0.9956549116818522
1084	1259	0.9645527379931663
848	1223	0.9678973487665052
94	1073	0.9694179536181169
1079	1172	0.9934102697529117
1026	1223	0.9827472365978895
1220	1292	0.9751949838500203
713	1111	0.9621915481014112
987	994	0.9653358815285082
1172	1259	0.9878532952449421
1041	1208	0.9944522330809569
1085	1356	0.9777075389347585
597	1292	0.9622367091712416
1007	1224	0.9625514710265637
990	994	0.9698778486283778
936	1173	0.9803627986995866
626	1047	0.9744026958530501
978	1224	0.977325560326616
597	609	0.9712643707149371
1046	1208	0.9807996771653412
94	1102	0.9717757541822197
1005	1251	0.9763544162805029
788	1315	0.9632136468039241
609	1294	0.9872337565245661
1220	1300	0.9715939449416892
1080	1225	0.9750340726164017
1080	1101	0.9751662645219861
279	1012	0.9797636442386362
1101	1129	0.9635049941260017
838	1246	0.9765895321364045
1041	1111	0.9661310526785465
279	1041	0.9692178168501728
584	1315	0.9641449049854491
1080	1220	0.9957195511708381
978	1208	0.9733892546428523
823	1041	0.962154764319031
1065	1139	0.9717673867560701
1026	1111	0.9796030421687723
526	948	0.968783922071697
1089	1143	0.9851117061723833
1007	1118	0.9737233282179
420	1073	0.9686163496125144
1041	1247	0.9697699639317688
893	1194	0.9678743254578889
689	1223	0.9932166850460318
584	1116	0.9788045899405574
1046	1294	0.9819237370849817
848	1116	0.9642206022564079
1173	1251	0.9749533917695211
787	1079	0.9634380363163325
985	1116	0.9776766810403272
420	948	0.9710144024486556
1173	1315	0.9767261746407718
1138	1227	0.965944126038441
609	1194	0.9752575298065335
584	599	0.9667437188006208
987	1080	0.9915698342346801
1024	1065	0.9803198695882755
1225	1281	0.9870096482940882
978	994	0.9823314308137325
1041	1251	0.984948636402602
1041	1074	0.9626742593524802
1223	1281	0.9876911452385095
1005	1026	0.9746182256163385
1246	1292	0.9849396252899861
597	1116	0.9930455384880486
420	689	0.9664552494673553
1101	1300	0.9805805296810834
689	1118	0.9807390733787889
420	823	0.9797696292838834
1138	1184	0.9634830901992727
1102	1220	0.9700041285862577
1024	1047	0.9862625507036301
1101	1220	0.96804728673624
1071	1223	0.9714490316720481
584	987	0.9836193309417305
622	713	0.9667394185548563
686	1223	0.9740354155198342
838	1301	0.9838344897815423
1041	1281	0.9835673628343566
292	994	0.9852645753891912
1116	1292	0.9753069219179678
1079	1298	0.9621683053295618
978	1184	0.9797434198601034
584	1041	0.9903200714170584
985	1246	0.9860815834614665
1223	1224	0.9754770694591961
526	839	0.9635642833266246
609	1208	0.9832855864509327
420	1133	0.9658821482581881
1041	1227	0.9765406267544866
492	926	0.9817466894655225
1251	1298	0.9688175764467961
597	948	0.9866560365542276
926	1227	0.9720343182321025
584	1184	0.9948528386863815
609	1046	0.9725293703997001
972	1246	0.9664592046062013
1102	1118	0.9703987578355999
279	1251	0.9788808961782022
492	1040	0.9863588613288163
584	985	0.9858885537716575
1079	1173	0.9733548687298641
1084	1224	0.9844957394506506
1026	1047	0.9762532020134622
935	1071	0.9786785821608628
584	1046	0.9762582434458813
838	1073	0.9699928107485298
689	1026	0.9881224147293953
787	1184	0.9698608789169731
609	1085	0.9635146499917178
1084	1184	0.9823673195009759
893	928	0.96228732133646
1075	1139	0.9671136071435212
420	839	0.9633959951985847
1005	1085	0.9640510332878957
1074	1184	0.9627073109227517
1085	1292	0.986906354522068
1080	1294	0.9879366645569048
584	994	0.9736010473115577
994	1202	0.9681876643726364
1089	1133	0.9761670629517534
1041	1184	0.9898425141688134
420	1041	0.9652315998307286
584	948	0.9715773868020372
926	1057	0.9633781720374353
1116	1202	0.989577255882081
1046	1073	0.9699028923532915
978	1084	0.9648455201333652
686	1143	0.9664853086958196
1012	1251	0.9646310178328852
1085	1246	0.9746943012978595
1071	1116	0.9717736802526404
1202	1292	0.9689088545586104
1044	1143	0.9629758643559887
1184	1208	0.9836538177032349
1246	1281	0.9763925131206987
1202	1224	0.9670532776595802
928	1227	0.9786294544088886
1074	1194	0.9802719050652482
1085	1129	0.9785884007407966
420	928	0.969391711656803
1024	1026	0.9725253560205319
985	1084	0.9811486705871072
1041	1315	0.9848316823914797
1223	1246	0.9682283601320898
94	1118	0.966367263891897
838	1298	0.9732043849325381
584	689	0.9840345217327934
689	987	0.9920333656053125
990	1294	0.9867869193775041
689	1084	0.9721691715353974
935	1294	0.9722625895474071
1005	1247	0.9806984442161952
1172	1301	0.980365748269092
985	1208	0.980591016232977
985	1133	0.9671049748750222
689	935	0.9745555276663134
279	599	0.981624587589933
1184	1294	0.9863912447001038
137	1073	0.9643350302617086
1024	1089	0.9651723352479604
948	1046	0.980621788486627
584	1294	0.9805137744568406
1041	1118	0.9906919620987912
279	1202	0.962804874104516
1046	1085	0.9728023162209509
1026	1208	0.9632726478674754
1007	1294	0.9683853738785106
1080	1356	0.9728486663761057
1085	1251	0.9668561776030591
1040	1057	0.9629325036608654
584	1301	0.975954945815175
526	1073	0.968282680165391
935	1101	0.9902717000155853
936	1259	0.9826570095313791
985	1315	0.9663638051378831
584	1012	0.9727916977414418
609	1118	0.9872518966171965
1101	1281	0.9628604839044868
838	1046	0.9691841047751041
1041	1101	0.9888786838151009
420	1074	0.9664208101081219
1080	1085	0.9936195566742816
990	1084	0.9863055116082478
770	1012	0.9626231268078675
838	1259	0.9847415977136555
987	1073	0.9904061416737624
1184	1227	0.9735432937379751
787	924	0.9814234132989257
838	1300	0.9736814909691851
1111	1227	0.9809043572100027
713	848	0.9753707453520328
713	1026	0.9654813289576647
609	1224	0.9728720597352807
609	838	0.986641134017701
994	1012	0.9715809826451391
978	1041	0.9772615423133657
948	1116	0.9869846341234437
1129	1194	0.9912325947609798
1073	1224	0.9719566553203767
828	1292	0.9679477836715235
609	1259	0.9667517785738649
1024	1084	0.9790199216662945
1012	1089	0.9729960188126623
990	1116	0.9840976629351404
1224	1225	0.9700292789336091
987	1101	0.9786845065444627
1074	1202	0.9684464452063104
609	924	0.9752812789897807
609	1116	0.9776382778317724
1116	1246	0.9801851238204016
1080	1116	0.9886326600713305
928	1224	0.9770029455189297
94	1074	0.985338054592428
990	1079	0.9666238289233987
1005	1294	0.9719347703814967
94	1047	0.9827988476234532
1084	1251	0.978854301675631
1046	1074	0.9754881811592454
626	1024	0.9647943418486224
599	839	0.9624913655313173
1024	1184	0.9680428336447503
1138	1251	0.9657289059098009
838	1225	0.9688125049487077
823	1065	0.9747292766652149
137	609	0.9690687851999781
1208	1227	0.9624428885321159
1194	1224	0.9822730077663164
1079	1301	0.9844293754928153
928	1111	0.9688563157569404
420	599	0.9858269726987678
292	622	0.9700436296515169
985	1224	0.980324472406898
1102	1202	0.985054371182438
1080	1129	0.9817274582116778
1101	1208	0.9810325325305437
987	1024	0.9665661651447062
1005	1227	0.9756059032488851
1225	1247	0.9759262532812338
1208	1223	0.9813186690467154
926	978	0.969613301831449
987	1246	0.9853259299493264
1224	1251	0.9739686315787033
924	994	0.9644675227014496
597	1208	0.9849204391047245
1005	1224	0.9689821977138264
492	928	0.9865212218278221
1089	1301	0.9638629747151728
1046	1202	0.9942959995312843
713	948	0.9706007696570452
978	1223	0.9906720443261849
526	1041	0.9688935073866458
848	1129	0.9696312129235305
935	1225	0.9642648696735081
978	1046	0.9906857852079629
1065	1184	0.9716933558672518
1220	1223	0.9758554128751193
893	985	0.9716590577723158
990	1246	0.9822784710023373
689	928	0.9749912904800409
686	1074	0.9853573514930263
1102	1184	0.9671640644598941
936	1079	0.9758592625733776
1073	1118	0.9849321103566635
686	1065	0.982222287921519
1220	1281	0.9892812215648152
978	1065	0.9625537761622589
1202	1223	0.9870038206852088
935	1041	0.983657115621299
626	689	0.9702036222758706
94	1227	0.9813041017719925
985	1301	0.9718012100225637
1005	1208	0.9751349513037963
1247	1251	0.9676343217647578
1220	1356	0.9753289291314954
838	936	0.968827411805431
1044	1139	0.9826421725893923
597	1194	0.9875257077052907
1184	1301	0.9719488192860517
686	1194	0.9740799399433466
926	1224	0.9665781286689887
1184	1225	0.9858420983923228
686	1224	0.98048063601008
1012	1047	0.9690144051116072
1041	1173	0.9856444459522544
924	1251	0.97368198837937
823	1084	0.9649234544988563
1005	1111	0.982292492048766
526	987	0.9651845740376666
686	1047	0.9837333950373991
787	994	0.9723679822126996
597	626	0.9674515677074633
1143	1224	0.9692658944814667
1005	1281	0.9829809102528126
994	1184	0.9700666139200802
689	1202	0.9861365764071288
1089	1259	0.9646012823087817
94	1046	0.9766203152239379
1080	1292	0.9820275291013785
626	828	0.9755659008035483
713	926	0.9833963769417993
1173	1300	0.9777682369928835
1085	1102	0.968379690859716
1224	1227	0.9886463139644559
978	985	0.9655221818354098
848	926	0.9686924676655297
526	1224	0.9648090743665573
279	1139	0.974681980380145
1080	1208	0.9930856773899506
1071	1220	0.9842102825083093
985	1194	0.967325810298536
990	1223	0.9752732787316852
1080	1251	0.9679125539104283
1184	1224	0.9741039761781588
292	1024	0.9746436233748761
1074	1116	0.9758120310580907
1084	1194	0.9652187381374195
1041	1073	0.993036286921425
609	1251	0.9875725294625226
1071	1101	0.9874161271774389
1026	1041	0.9732036859488493
1173	1301	0.972137683921563
626	978	0.9688029285788224
689	1208	0.9826406019295211
1079	1184	0.9671898836277013
1046	1184	0.9853192218739907
279	1089	0.9879706244469393
713	928	0.9871385307550922
978	1116	0.9878206781037718
987	1208	0.9936574756022953
828	1041	0.9655244080289052
1024	1129	0.9706204260076479
839	1084	0.961974407897713
1116	1300	0.96779130927962
626	1129	0.9768467573724147
972	1071	0.9720368522371128
609	987	0.9866519345574472
1005	1084	0.9636295978112728
689	1227	0.9914500186164505
1044	1259	0.9819798581634273
609	1026	0.975807701261892
1024	1073	0.9699175327367953
1073	1184	0.9825251880507285
990	1300	0.9705062522929109
1118	1194	0.9715875610195994
1102	1247	0.9716274156730076
1007	1084	0.9648841285103814
137	1026	0.9680623957988477
1074	1102	0.9708785896777427
1041	1080	0.9849715089880517
1071	1173	0.9693406367123409
935	1080	0.9680948154330724
893	978	0.9722171530105609
94	1225	0.9816235780865039
137	526	0.9702264549080895
627	948	0.973503856357258
990	1292	0.9705936332056284
609	1129	0.9731419929632928
987	1224	0.9725738545684837
686	1292	0.9672939383200645
1075	1089	0.9722452243808175
978	1247	0.9762049821337466
924	1089	0.9629149832098252
985	1281	0.9637706132781225
689	1046	0.9839000342781894
948	1040	0.9686069041579856
1005	1073	0.9651777578068994
935	1047	0.971130099958295
770	1089	0.9653285171421885
1073	1084	0.966956224806929
848	1227	0.9737893882350691
627	713	0.9690972302209859
1044	1301	0.9764077368211657
928	1223	0.9673705431280462
1085	1184	0.9661920129346734
599	985	0.9795939745777315
1102	1223	0.9889665288293341
1251	1301	0.9693634606968269
584	1118	0.9830951238558023
1129	1227	0.9847705762958139
978	1202	0.9895713603790838
787	1133	0.9746221057789459
1143	1172	0.9703667744793597
1129	1225	0.9831612559440632
584	597	0.9708068365355695
1116	1225	0.9897871264165736
985	987	0.9793825872248336
427	1173	0.9683914920456316
848	1024	0.9799833249160527
787	1012	0.9789084972746551
987	1292	0.9791123209381323
978	1026	0.9845696094690674
1005	1129	0.9821799705014472
584	1251	0.9918299580873151
987	1111	0.9729602472029897
787	1224	0.9676575981629832
994	1024	0.9817883919522457
1225	1292	0.9651711322412109
420	686	0.9769354845368448
972	1101	0.9777536957888979
1046	1111	0.9800365553210002
1073	1085	0.9787582262433507
823	948	0.9660335088759027
1294	1300	0.9858401243701075
994	1069	0.9633517796552645
985	1041	0.9893208951344052
1247	1281	0.9661427196637689
1116	1281	0.9934710169053145
1047	1281	0.9798875007387188
985	1075	0.9620715623628621
420	848	0.9687501613902094
1024	1194	0.971824667028274
584	1007	0.9742164894308791
597	1225	0.9860207450540293
1046	1247	0.9691244835225259
1026	1281	0.9690458951246037
935	1227	0.9626016651139789
1202	1281	0.9922864846200917
689	1247	0.9710627224023525
137	1024	0.9631276291136088
137	584	0.9682728433635766
1041	1300	0.9824462821831925
1129	1208	0.9814309525313438
597	1247	0.9728739570976774
1111	1247	0.9633064280701988
686	848	0.9757807711909674
987	1281	0.9925615606664753
597	1074	0.9713465669601695
978	1281	0.9853400986230074
972	1315	0.971751531333718
828	1129	0.9680041810054696
686	1184	0.9756467079721312
292	713	0.9794165163917576
1046	1220	0.9725423093195511
526	823	0.9632576028716325
686	1024	0.9729459408992134
1251	1294	0.9832239047741803
1073	1281	0.9783543818417177
1129	1184	0.9745759591449165
926	1074	0.9731101272391979
978	1194	0.9918736158520867
1184	1247	0.9660651973721486
1116	1208	0.9915957746080915
292	627	0.9642560617443126
626	1223	0.9682330621527446
526	1101	0.9632363025106084
686	1118	0.9727099229626824
1102	1227	0.9705985868638537
987	1225	0.9878096076167849
94	848	0.9760521070246082
1173	1208	0.9721200613091394
1065	1074	0.9738356698844455
94	1208	0.9644750927437857
627	1224	0.9672653443035577
584	838	0.9913168156143399
1079	1139	0.9770432879964186
990	1224	0.9743289735623686
1080	1194	0.9713914649927131
1047	1111	0.9711425688541786
990	1118	0.9890785855213815
1005	1012	0.9689274619483612
686	787	0.9700755474807262
94	1041	0.9706550453916283
597	1202	0.9888143946034922
928	994	0.986834880813136
609	935	0.9816477092922868
1041	1194	0.9800884923869817
626	1073	0.966552977011083
1102	1116	0.9896116741477432
987	1202	0.9897355820855172
1292	1315	0.9715480579331268
1173	1202	0.9660002385768175
94	1026	0.97510757581977
985	1184	0.9794800412015721
584	1300	0.9707578451482228
990	1247	0.9699236682217265
1259	1301	0.9890928219612611
94	1281	0.9699321759188044
713	1074	0.9693486846308261
990	1202	0.9906137422766206
788	1173	0.9621732130689075
987	1315	0.9761334264771065
787	1089	0.9710173352726449
985	1225	0.9667525813178747
990	1259	0.9653253814205329
1251	1292	0.9741459081420405
1026	1084	0.9717246183971178
948	990	0.9687560409984021
994	1026	0.978418253085067
584	1074	0.9635912244940046
1298	1301	0.9840186311588609
713	1227	0.9645525689709908
1046	1080	0.9753264905919447
1073	1220	0.9788341371433014
1026	1194	0.9888968745370091
1246	1251	0.9743831205030498
838	1079	0.9823202258008352
935	1251	0.9635044670878024
1005	1080	0.9698766810184409
972	985	0.9703593626406272
1111	1281	0.970767573767902
597	1227	0.9758898392338641
279	686	0.977716557493383
279	994	0.9699399170104779
1101	1315	0.9918161175835181
686	1202	0.9733724997578257
597	1251	0.9797167463665266
935	1292	0.9634549616374706
279	1084	0.9924723193539382
584	1227	0.9790494574352715
1184	1300	0.9742339188687673
987	1007	0.972270022201654
948	1202	0.978149455300011
627	1074	0.9848303610671487
584	1073	0.9846168073128732
1246	1294	0.992339022487621
985	1047	0.987359134534637
1065	1251	0.9698403364930208
599	1089	0.9839021269342506
926	1040	0.9823563648239262
1005	1102	0.9918813630875669
1065	1227	0.9687007556774121
1208	1251	0.9798709788075552
526	1194	0.9636928238201137
492	1074	0.9620440201001013
994	1065	0.974466922005114
526	1026	0.9674382425046661
838	1173	0.9852413965762117
948	1080	0.9706001136920692
948	1057	0.9695765077969278
928	948	0.9796121920329092
928	1026	0.9760639352921452
838	924	0.9826923018433933
948	1069	0.967421472813401
985	1071	0.9634367434645726
1047	1084	0.9750959235607768
599	848	0.9666520071343913
990	1080	0.9682493362167861
94	420	0.9702313300065394
584	1084	0.9870684828532567
978	1251	0.9860284432518436
1041	1065	0.9675169482664312
1005	1041	0.9772527015480749
609	1202	0.9827662837394471
1007	1315	0.9690328018900278
924	1041	0.965590493527491
1184	1292	0.9761380810089505
686	1041	0.975519731374501
935	972	0.9749253205545676
1101	1184	0.9721074382806821
686	770	0.9709001476795321
1084	1225	0.9680588118681221
1071	1080	0.9867580623901209
584	1133	0.9620010244249542
584	1111	0.961938699650907
828	1080	0.9749259068625908
686	990	0.9760904280466968
1129	1220	0.9781110931073771
839	1075	0.9669073964999304
948	1102	0.9858159386102328
1194	1223	0.9958195797301708
928	1024	0.9854539638842696
584	1298	0.9678941649223648
1047	1227	0.9825004808873599
1139	1172	0.9852040466943852
1138	1224	0.9768497355899775
1047	1080	0.9805667892780157
787	1024	0.9678769508396191
1047	1300	0.9666974658907974
1024	1224	0.9893675165107524
686	1012	0.9821201045507394
609	1071	0.9784734257404117
823	1012	0.9626977597377175
990	1007	0.9759693484455397
1046	1129	0.9842443532033056
1075	1084	0.9710901117464276
987	1005	0.982245976871073
1220	1225	0.9689363503056829
948	1129	0.9919304700921513
978	990	0.9779923050428956
1080	1315	0.9792791840944395
1041	1223	0.9838164601380571
987	1173	0.9680805673095949
1047	1065	0.9725024385108081
1111	1129	0.9786639675712041
1026	1225	0.9858050519524552
990	1071	0.9650417755183307
1208	1247	0.9644449381060052
990	1315	0.9643252112947078
828	1356	0.9782575950549173
584	686	0.9772919749717426
686	1089	0.9693461528234921
1102	1208	0.9746570330353574
990	1227	0.9751027529245191
1085	1208	0.9860883234137097
1012	1026	0.9637111094746158
838	1281	0.9646343328905422
599	994	0.9641538731643058
985	1247	0.9622406809705515
1139	1259	0.966697047209174
838	1224	0.9645721150120583
1129	1281	0.9863076312687339
1292	1301	0.9764364900289587
626	1194	0.9690481449621118
584	1202	0.9860369620148759
609	1007	0.9843722624660769
1223	1294	0.9782786162530646
1047	1101	0.9728652120249377
1102	1281	0.9856216485388394
609	686	0.9655322811633751
584	1208	0.9782047478209659
987	1047	0.992080241131758
689	848	0.9747500307768832
987	1294	0.9926244104839684
599	893	0.9689145522599162
893	1047	0.9762690456306241
990	1173	0.9846812296662869
848	1005	0.9704243034376696
935	1184	0.9683773657153862
584	1224	0.9823453097815134
994	1111	0.97330605520866
1129	1251	0.9769875520355842
1071	1315	0.9960016162250847
689	1012	0.964099331804062
1046	1246	0.9662045072384698
1047	1202	0.9823839930161974
689	1101	0.9763976146234679
279	1224	0.9783607232339457
978	1085	0.9694237793085441
1116	1223	0.9921158333548817
1084	1116	0.9647485880721205
1101	1118	0.974784496047771
584	1047	0.9866622832574345
948	1024	0.9778830463930555
1084	1138	0.9748722874151903
584	1259	0.9720112925696709
1208	1225	0.9776338113401752
1294	1315	0.9846759325874137
94	1129	0.9819220279809501
935	1300	0.9662142160556141
1172	1173	0.9627371498138533
1007	1071	0.9685688372491834
848	1111	0.968655928901457
689	1111	0.9850973875060647
1044	1160	0.9699008955973295
828	1047	0.9674968306041493
893	994	0.9759612786047582
1102	1251	0.9690816662296899
597	994	0.9666940190647542
994	1225	0.9739514551691844
1026	1224	0.9780044691027119
893	987	0.9670072462703608
978	1073	0.9726244958194282
928	1047	0.9723480252067433
686	893	0.9880055386469635
420	1143	0.965093236965765
1012	1133	0.96803505941527
1046	1118	0.9843664740767024
990	1012	0.9670081327827027
1047	1116	0.9896537385996482
972	1041	0.9715932345078166
609	1227	0.9757168295949733
935	1073	0.9839286155451892
1202	1227	0.9784598526678223
1041	1047	0.9904468603204906
994	1129	0.974841833033617
584	1026	0.9797178947459899
1138	1173	0.967573114855569
1085	1281	0.9878751012716173
1116	1129	0.9888747682311255
279	1143	0.9740678769616267
1111	1202	0.9748450009333065
1129	1246	0.967696397441606
526	1047	0.9742128096016662
584	1225	0.9834589495531394
492	1024	0.9724341678913817
420	1065	0.977562099605981
994	1046	0.9729871057862729
689	978	0.986526938170111
935	990	0.9744458549736016
597	1118	0.9804094730503417
686	1133	0.9643010460574339
526	584	0.9699639357913298
1300	1315	0.9853760175681578
985	1007	0.9678527416813703
1085	1225	0.9711109705865365
935	1118	0.9690969705980255
1047	1246	0.9800639290171156
1085	1294	0.9827356676064323
935	1202	0.9680224358211906
526	926	0.9649245153577297
936	1172	0.9690828010194077
935	1007	0.973286967170399
609	1080	0.9717722453673805
1012	1184	0.9665179210225622
1084	1202	0.969661016431832
1005	1184	0.9736902892469331
686	978	0.9795131607177616
1012	1116	0.9632099202431641
94	627	0.9693763114024527
823	985	0.9799688858890515
94	597	0.9735360886313242
597	1080	0.9833981135909062
994	1224	0.9843911711141824
292	1084	0.9672110422838893
1046	1102	0.9894781247029469
689	1007	0.979475584472991
1084	1133	0.9717379034905038
420	1227	0.9621118253238856
689	1071	0.9759546738977063
609	1281	0.9745778224351542
1102	1129	0.9838009114582824
935	1026	0.9622552419646249
1084	1118	0.9668799235527283
1079	1259	0.9936930875551728
948	985	0.9724851596833752
990	1026	0.9782513885942763
1116	1184	0.9851672373301239
838	1116	0.9683436219333987
597	1220	0.9823983922014727
689	990	0.9856287689045806
292	1012	0.965458803847145
948	978	0.9899848522576891
1041	1220	0.9758053492758139
1101	1116	0.9652176425053718
526	713	0.9707852923254319
1292	1300	0.9919663708049906
1084	1143	0.9688416783849517
526	990	0.9636563770348595
626	948	0.9726604460769211
1005	1202	0.9891273306469506
1041	1084	0.9739558841274956
1194	1251	0.9794613641244339
985	1172	0.9666271206012567
828	1118	0.9643203937778104
823	1089	0.964985881726097
689	1315	0.9661717708669032
279	584	0.9879023429421956
1118	1129	0.975528037815361
1046	1225	0.9918093461955938
828	1085	0.9824632829655995
526	686	0.9620371628219055
686	1208	0.9697002641623176
279	1298	0.9678123338821991
1259	1292	0.9639979225462354
893	1024	0.9697708582899612
1118	1251	0.9860940434849239
1007	1047	0.969722113442016
609	689	0.9851913188234454
1073	1129	0.9812329614754796
838	1172	0.9672517684312782
492	848	0.9656446371117047
1047	1294	0.9827498571299846
994	1047	0.9772404640637413
823	1024	0.9829769526774206
609	1292	0.9736019658984254
1118	1300	0.9852549916365319
689	926	0.9642622372452624
1139	1143	0.9802886817138095
987	1118	0.9910427143075267
609	1079	0.9655044581313288
1046	1227	0.9737959747195908
1080	1246	0.9842923228427831
584	1101	0.9791328213740639
788	1246	0.9627848692338368
1223	1251	0.9769254740774841
1005	1047	0.9806184522761126
1118	1246	0.9893291052529827
926	1194	0.9690518871738222
609	1138	0.9681204377094788
584	1071	0.964889508252186
987	1041	0.993106987238268
948	1194	0.9891322148379843
686	1116	0.9812971399526899
94	990	0.9723475977108749
1129	1294	0.9799802737709875
987	1194	0.9884651820184955
599	686	0.9779468696836371
948	1247	0.9668948651982452
990	1041	0.9909189046800522
609	1220	0.9630345684140432
1046	1223	0.9865204804088479
994	1084	0.976887296450414
948	1223	0.9895398493852869
990	1111	0.9653690704355193
292	926	0.9849909586360169
838	1118	0.9806257674636917
1047	1085	0.9750715525501554
292	1224	0.9740349154516862
838	1047	0.9707222534055231
1085	1118	0.9840129057945468
1071	1118	0.9777215313806884
978	1047	0.9848421778877184
1065	1138	0.972713998072329
1084	1089	0.9798004548001563
686	823	0.966441634088933
987	1084	0.963036952227991
686	1251	0.9767374964380235
823	839	0.9733348368986412
1012	1224	0.977437458418972
584	1080	0.9642951268352178
990	1298	0.9618959610100004
1118	1202	0.9856032176200464
689	1041	0.9905980441724294
1044	1089	0.9756720820021937
597	1073	0.9746223553337894
1080	1118	0.9860818726509535
848	1194	0.9701469041689416
597	1047	0.9848961042568867
987	1251	0.9852234013570527
1007	1116	0.9630933822167043
1194	1225	0.9906158868650978
1040	1224	0.9624336643556218
1012	1225	0.9625995714928504
838	1084	0.9821456395466632
1118	1281	0.9882498798746967
838	1292	0.9726774457518838
990	1208	0.9826610081388851
626	1085	0.9670556511187964
1073	1225	0.9788433913044153
94	987	0.9789383265556886
292	787	0.9683281680551747
599	1012	0.9771371645251139
1026	1065	0.9636279837890219
1173	1246	0.9842107817062897
935	987	0.9733160372198875
848	1057	0.9663524753562915
828	1071	0.9797102347224906
597	686	0.9688405271984675
686	1084	0.9796574184297515
584	1292	0.9715747187200071
420	1012	0.9782607141198791
893	1005	0.9688440971096339
1208	1294	0.9961796980012123
1074	1225	0.971999123143865
926	1111	0.9642158139054688
972	1080	0.9637949155893768
848	1012	0.9668250116437951
994	1040	0.9790898033576865
994	1194	0.9819302679052273
985	1129	0.9671903720552277
686	1069	0.9618951798720878
1194	1281	0.9811481627084969
948	1294	0.9670335400474653
1024	1116	0.9619244645469656
893	1129	0.9694747293663493
924	985	0.9668898282928193
948	1047	0.9912721993592581
420	893	0.973485044544679
427	1300	0.9637909747912797
838	978	0.9624654782089122
597	1111	0.9780794654111481
1047	1073	0.987633484776164
1007	1041	0.9789102943736322
686	689	0.9746712554479655
924	1084	0.9891626026606191
94	686	0.979057198407005
689	948	0.9864450774435869
848	1065	0.9727979631322585
599	1024	0.9771994888475017
838	1184	0.9940762494314214
1194	1294	0.9720120888335634
609	1047	0.984085174172004
1071	1292	0.971297015907443
1071	1300	0.9803898305496123
626	1227	0.9656127832502779
1118	1220	0.9789799357464284
1065	1194	0.9620564632670964
1089	1224	0.9726957623811151
420	526	0.9683940153395731
990	1074	0.9638816340606982
584	990	0.9948559584492442
948	1184	0.9696651044184613
279	787	0.9869641550638634
828	1116	0.9622212045915943
1079	1084	0.9754448166707193
935	1315	0.9820416259813993
948	1118	0.9673866305988079
985	1292	0.9752652250189817
597	1026	0.9757902410363788
1118	1208	0.9931941684553652
839	985	0.9700111421881694
924	1065	0.9777580430216928
1012	1041	0.9636403502756278
1074	1223	0.9785048708064201
1065	1172	0.9669891781722255
1085	1315	0.9670104417283005
893	1143	0.9685901006409432
420	1047	0.9766892500925506
1046	1194	0.9847607035313479
1101	1202	0.9643569263981076
1102	1194	0.9843386208817098
689	1251	0.9798868284356436
1184	1251	0.996074655360822
279	1044	0.9787736864897574
1040	1074	0.9692868704595801
1133	1139	0.9624459577020544
713	1040	0.9845471405116554
279	985	0.9810345535397211
1080	1102	0.9748913394528778
689	823	0.9625009031292961
1075	1172	0.9672718113716154
526	994	0.9636029955509218
1085	1220	0.9925170858015684
987	990	0.9847925215241428
626	1116	0.9633680606154191
1047	1223	0.9871295440826411
1007	1184	0.9725183715825153
1246	1300	0.9926129178579278
627	978	0.9649949363536293
948	1065	0.9639463158152417
94	1251	0.9736031427723248
948	1251	0.9723344717090856
787	838	0.9739952229280541
848	1074	0.9877302327062158
1118	1173	0.9758213187674908
823	1224	0.9827313379453244
279	1133	0.9804757718573032
893	1116	0.9713095719930055
609	1315	0.9781649001676929
492	787	0.9646380832331647
1007	1227	0.9657475048793986
787	1065	0.9780267972906486
609	985	0.9805803792724277
1220	1294	0.9842195984365826
526	935	0.963194370314891
987	1220	0.9860277930159741
686	1281	0.9696639772816729
985	1259	0.9689143933819702
279	893	0.9627953053547899
94	1184	0.971254476177527
1012	1227	0.9631240774346821
597	828	0.9657430064125427
1208	1281	0.9899664807421993
948	1208	0.9711754086618063
985	990	0.9827277821915901
1071	1356	0.9646787730462069
279	1065	0.9890097202229317
1111	1116	0.9798813158264803
584	978	0.9790412587624526
926	948	0.9747841196267861
1084	1173	0.9720735027866865
994	1138	0.9647022565567345
599	787	0.9728234755720022
1184	1246	0.9817455984200957
1024	1040	0.9703782055404151
94	1111	0.9767744175405587
1111	1251	0.9630526093262881
1044	1079	0.9869717489433008
1073	1223	0.981418333119112
1026	1129	0.9802769793688995
893	1046	0.9633123996398667
990	1194	0.9777342999201052
1046	1281	0.9932608459712163
848	1069	0.979958163955466
948	987	0.9850594677927942
597	689	0.9873969661321835
1223	1227	0.988302128199981
1074	1084	0.9705992920047043
1194	1208	0.972446947373276
94	994	0.9800680463186815
597	990	0.974951072099959
1073	1292	0.9809079198563043
838	987	0.9697868959935283
1026	1247	0.9668653149726187
94	1080	0.9631937053856994
1111	1225	0.984411729379038
848	948	0.9809715176077144
420	787	0.9641613559510233
1246	1259	0.963899779849841
526	985	0.9699309639016938
597	1085	0.9819924641388899
627	686	0.96798201728055
279	1024	0.9729394120912357
597	1129	0.9936920585491248
689	1074	0.9763173993243341
935	1208	0.972629708937199
1116	1251	0.9838086168366337
1073	1202	0.977534975544533
94	978	0.984593779116713
1116	1118	0.9900252264196485
1073	1173	0.9780287788639381
1194	1227	0.9934489783080374
1073	1116	0.9831580176438077
94	1224	0.9830516735370518
1246	1301	0.9646999946625897
1259	1300	0.9701038522933172
839	1101	0.9634101530983503
1223	1225	0.9892208984732812
420	584	0.9719485357145243
626	987	0.9750795632842382
994	1116	0.9678941773177747
279	1075	0.9718602384775812
990	1101	0.9740888865349046
978	1080	0.9687158527841673
686	985	0.9836901437203618
848	1047	0.97814093645773
492	627	0.9643561277700772
990	1138	0.9634656267462655
1041	1071	0.9863793767553442
94	985	0.9695739801698569
94	1012	0.9637056572885059
948	1026	0.979066474081385
1005	1046	0.9904218622676204
1184	1202	0.9895185119409877
948	1074	0.9886564059828955
689	1116	0.9887571163344082
1047	1208	0.9852770402632349
1041	1202	0.9871493618310663
1047	1118	0.9823455576565141
1251	1281	0.9843140307369886
292	1227	0.9664967615518183
279	936	0.9634034512046221
1173	1259	0.9784775151499159
279	609	0.9748072966103969
1281	1294	0.9900795570195255
597	1041	0.9810734956672509
1065	1089	0.9850725935563227
584	1079	0.9758241156010958
420	1024	0.9841708128603589
689	1194	0.9935850355810124
94	609	0.9643063133970325
1005	1225	0.9873597369324554
292	1065	0.9673056503292308
597	1005	0.9866151863986666
987	1074	0.9681860409851832
1184	1194	0.9773944864223664
985	1101	0.9784888539689489
893	1223	0.9645978214513462
1047	1173	0.9680437089043332
94	1065	0.969915506288459
1047	1129	0.9907390302288119
828	1208	0.9711078094138319
1074	1224	0.9828026338570107
985	1202	0.9711579280460456
928	1129	0.9703584585226621
279	1301	0.9808972413119694
686	1005	0.9814906784304345
1173	1292	0.9649792216689586
1073	1315	0.982748730472777
599	1172	0.9635087646876876
1007	1173	0.9764747641402876
948	1111	0.9785151888061262
686	1129	0.9724828749707572
893	1251	0.9625321281168975
990	1184	0.9962397141902009
839	1024	0.9644287104898843
985	1080	0.9695278902593203
1085	1116	0.9840079737370355
597	1294	0.9852338850757565
94	1116	0.9815625965853149
584	1005	0.9708040994810339
1184	1315	0.9624684005415663
1084	1301	0.9657088521687613
1047	1247	0.9671431243497155
848	985	0.967714043472669
279	924	0.9855285575788472
1101	1294	0.9790372770048681
686	1102	0.9660284640426343
972	1073	0.9748798861014241
1065	1133	0.9704399420062526
584	1194	0.9785906298624333
686	1080	0.9644174196042908
987	1247	0.9701217447494845
1208	1246	0.9953506107355906
137	928	0.9620441141753527
928	1012	0.964850051133131
1116	1224	0.9701474325429459
987	1227	0.9797467374717854
1024	1223	0.9657913862804071
924	1173	0.974018409787843
990	1251	0.9923514017473567
994	1227	0.982531967425142
978	1225	0.9908300495981303
990	1129	0.9725949856992766
609	1084	0.9769837515015785
1074	1129	0.9787949446861287
686	994	0.9759567363106096
985	1073	0.9840637841621773
1005	1116	0.9894626323844689
828	1294	0.9701232441087043
1220	1246	0.9749823429578379
828	1246	0.9660084632052071
609	1246	0.9862142546488046
1281	1292	0.9767404088609346
924	1202	0.9634823006119537
713	994	0.978802955047689
686	1046	0.9754844848539286
1073	1251	0.9771769304559359
1065	1079	0.9733543361412677
1202	1208	0.9843588399259859
292	1074	0.9716219487861117
1074	1227	0.9786842338099735
1007	1208	0.969742265885344
622	787	0.9638415892025434
990	1046	0.9849681064964876
420	985	0.9803602920922844
1041	1085	0.974734776866542
526	787	0.9621032710763444
584	1223	0.9748736226412162
848	1084	0.9684882779459193
1292	1294	0.9814848890251064
609	1184	0.9934043582102939
1208	1315	0.9847930078307087
838	1138	0.9637256684182214
689	1102	0.9825292418278907
713	1024	0.975126605311905
599	1079	0.9665804081159644
1007	1246	0.9735219955890277
584	935	0.9778467244263429
627	926	0.9664174613383808
689	985	0.9772323277978414
137	1047	0.9626482870864451
848	994	0.9791054035088473
1116	1294	0.988376729721439
948	994	0.9829030137347752
787	985	0.9679546913480417
994	1102	0.9641621960546654
597	1071	0.9729456131392646
1041	1102	0.9711060764686851
1012	1024	0.971029822702624
1073	1102	0.9630853721679005
597	987	0.9921960950835977
1073	1194	0.9773538997418499
1118	1294	0.9932446341284213
838	1044	0.967359681035133
928	1074	0.9763979653451431
609	1073	0.9888985572395403
1202	1246	0.9750015528476532
839	1065	0.9658909258342878
838	985	0.9774206216191621
1071	1202	0.9687491276678031
924	1138	0.9686865376310887
1184	1259	0.9678112273292375
987	1184	0.9861108532033306
1085	1223	0.9741579225327842
924	1024	0.9678309788061321
935	1173	0.9781375597125187
978	1074	0.9853615514502718
1074	1111	0.975782328329377
1073	1300	0.9799531886389952
985	1227	0.965237285793306
1227	1251	0.975222797753483
1227	1294	0.9632417046099039
94	928	0.9667776766407459
1046	1084	0.9645847394348037
1085	1216	0.9626235372475325
928	978	0.9701341093926064
1084	1139	0.9672643164839709
1116	1247	0.970857729632784
838	990	0.9905309701200252
985	1223	0.9684891210663958
985	1024	0.9768621659278063
1041	1301	0.9634140340083415
1047	1224	0.9847415618442301
1071	1246	0.986598007668801
279	420	0.9746609057279416
987	1085	0.9881359635103095
597	1184	0.9766114447357437
948	1281	0.9760878598456397
838	1041	0.9807025677634199
838	1208	0.9718137874704107
609	990	0.9932774412046799
893	1224	0.9799521440874706
94	1202	0.9746148698836312
1071	1184	0.9651267852715218
1074	1251	0.9673704212525628
1184	1298	0.9692929892662575
1007	1080	0.9626033883910744
1101	1292	0.9718272932862809
622	926	0.9662160301295992
978	1294	0.9729415986995265
987	1026	0.9785762653174064
1101	1246	0.9882308764484312
990	1065	0.9747649257861256
978	1005	0.9888488442157467
828	1315	0.968877061369233
1227	1247	0.9669640522343885
686	1026	0.9645392653426615
1005	1069	0.9737572086974109
1071	1294	0.9881778250881608
1065	1224	0.9889760522741184
828	1281	0.9621587575797186
137	689	0.9650739207000938
627	1040	0.969295224035793
924	1184	0.9798586687680197
787	1251	0.9687640280232215
94	1069	0.961980987113882
1202	1294	0.9871794155440445
1075	1259	0.9632792185800558
1079	1143	0.963999339884202
1047	1184	0.9846142584193541
770	897	0.9656382358015503
924	1224	0.9685493073853559
689	972	0.9674429642040132
1026	1184	0.9768693933156374
928	1194	0.975332626816698
1085	1202	0.971541952945195
1080	1300	0.9781235007216427
1047	1102	0.9776441657939967
1047	1220	0.969573455943562
597	1223	0.9931062554111667
987	1046	0.9861611094042396
985	1300	0.9748584155959688
1227	1281	0.967119124739507
597	1102	0.9919697728361059
420	994	0.9699688150677479
1173	1184	0.9837660609207054
584	924	0.9826685708827833
1005	1194	0.9871797314016579
828	1300	0.9686932218208524
627	848	0.9766111034595544
978	1129	0.9911984304228734
686	1111	0.9637885515911833
787	1084	0.9848472698117611
1071	1085	0.9780949530535885
609	1101	0.9875348280222744
1047	1194	0.9852053111917314
978	1111	0.9815062957326521
609	1300	0.978958625700667
526	1129	0.9639937641210437
1080	1202	0.9764281297704354
987	1223	0.9915707574076542
609	1065	0.9661951762447241
1071	1129	0.9736037945666989
584	1247	0.9697914428815012
1118	1292	0.9886134388920876
584	1024	0.9789794718671478
1012	1084	0.9794517259328965
1041	1225	0.9806657815667161
924	1079	0.9719346710367867
1085	1300	0.9759538874672645
609	1173	0.9931104829969513
1225	1227	0.9821766326397188
1047	1251	0.9825188139047072
279	838	0.987694980322114
1065	1084	0.9922987063587869
972	1047	0.9700004756362872
990	1301	0.9687561176798591
1026	1118	0.9663451693348823
599	823	0.9773400608537762
1012	1074	0.9731821566336873
526	1007	0.9634777046061644
985	1046	0.9626318390588073
1073	1101	0.991369162197699
1102	1111	0.9803138185446625
1024	1138	0.9694580822186736
926	928	0.990170761065004
689	1047	0.9913081898756038
279	1138	0.9744750813262448
1026	1116	0.9771090054952742
686	838	0.9685744687874468
893	948	0.9796335878424536
279	990	0.9813044217638422
1073	1080	0.9881569258222143
1259	1298	0.9701155073405983
686	987	0.9757734761123931
1047	1225	0.9817246758193416
838	1101	0.9647764167805694
627	1005	0.962339385127447
597	1246	0.9686984528885536
823	848	0.9748387018977488
1300	1301	0.9695571517906677
1024	1251	0.9633326984737864
823	893	0.969209362835727
1089	1172	0.9786852775484143
828	1216	0.9649037483323735
599	1224	0.974803511183269
279	1047	0.9691648615000575
526	972	0.9713861479034
1026	1102	0.9749784842604174
978	1227	0.9849687254855433
599	1143	0.9716353926886578
1129	1224	0.9741018493910001
1079	1089	0.9800532267066586
1202	1251	0.992337352318607
893	1074	0.9863536100468466
1069	1111	0.9626233956602939
1012	1194	0.9642232867771408
985	1118	0.9782924914485638
1281	1300	0.9697641698216773
1041	1046	0.979748323455819
94	1024	0.9727904957269193
838	1251	0.9908365996870105
1080	1281	0.9891304983495436
627	1069	0.9694992348618289
928	1040	0.9876859191549751
689	1005	0.9839664092772955
292	1040	0.9775602156605796
584	1281	0.972621435006326
1246	1315	0.9902299849097884
1208	1292	0.9851173604241388
924	990	0.9861581565372606
1111	1194	0.988235339763923
627	893	0.9830040747118893
689	1184	0.9825097535029211
787	990	0.9732658042547158
848	893	0.9812751772187056
1046	1292	0.9640290530597214
689	1080	0.9785046407543381
609	1225	0.9797552164415069
935	1246	0.9777041276506347
279	1079	0.9881263369378237
94	1084	0.9704433749661887
985	1089	0.9690475664962667
848	978	0.966887510219806
926	1026	0.9685290720723855
1041	1116	0.9881950337006381
936	1301	0.9665350245611493
985	1251	0.9743909858881638
689	1129	0.9923381132308133
1024	1074	0.973639010568246
1024	1041	0.9698516505035069
1101	1223	0.964032284101989
1129	1202	0.9829514015622582
584	1138	0.9748017484918619
1111	1224	0.9667610977337513
1225	1246	0.9657536863165167
492	526	0.9691056481062846
828	1073	0.9684968409218079
990	1102	0.9691823162231221
686	1073	0.9718917075190574
609	1223	0.9739371835590094
689	1225	0.987023060708001
1118	1223	0.9756248556261324
1047	1074	0.9798210610180424
1073	1208	0.9885654318846744
689	838	0.9637242370083468
627	994	0.9750142904290826
689	713	0.9645096027447637
1007	1026	0.9666625800264724
686	1294	0.9624922835118659
1194	1202	0.9861280916299638
848	928	0.9769553185666116
1089	1139	0.9843859779795034
1225	1251	0.9868748351442307
1046	1224	0.9619355299624052
1101	1251	0.9642101025174404
924	936	0.9620701000256802
1085	1194	0.9654609695375358
838	1065	0.9715068544576174
626	1224	0.962233193511363
597	978	0.9909137010353759
689	1085	0.9679428984995693
1116	1194	0.9867245716537402
990	1024	0.9701651586603386
985	1074	0.9642489307743913
972	987	0.9636225119242372
1005	1074	0.982865327992835
948	1041	0.9750132462612959
686	1246	0.9641856871345831
935	985	0.9752750613951409
1071	1208	0.9881271754583262
1194	1220	0.9648430692036398
627	928	0.9690514589750041
823	1047	0.974583705388985
1208	1300	0.9868675415481112
1026	1251	0.9768608213519961
1041	1292	0.9789009957897836
987	1129	0.9930161009175877
1026	1073	0.9720753094141773
838	1294	0.9747554933837023
420	1084	0.9750424677534968
978	1102	0.9834883462874704
584	1089	0.9654231261400197
609	1298	0.9635902653223054
1184	1281	0.9814507951155858
1225	1294	0.9774695196001442
1007	1194	0.9618960340816571
420	1224	0.9812778003372196
1251	1300	0.9678943502739226
689	1246	0.975748937656411
978	1024	0.9668840969807406
599	1047	0.9680320953980006
990	1005	0.9779486363988568
686	1227	0.9662047243675382
1292	1298	0.9791822244958626
948	1005	0.9876724409837769
492	1057	0.9633800322044478
1046	1047	0.9801320367747166
926	994	0.9866783013462851
279	1118	0.9629290670900035
978	1012	0.9646997573904483
987	1071	0.9854995838196585
292	492	0.9807802262987899
1007	1101	0.9831304976783287
1073	1227	0.9740911844763905
584	1173	0.9881116508425363
948	1227	0.9828729808547396
1041	1224	0.9742326228817659
1184	1223	0.9762173818711808
1041	1294	0.9930975264493875
1044	1172	0.9837980199320103
948	1085	0.9685710131737139
990	1281	0.9791850434392328
985	1065	0.9811086876225542
893	1084	0.9721073487859957
94	893	0.9808299929830325
1046	1116	0.9929076759927689
609	978	0.9714476483365728
1216	1356	0.9765724954373521
1118	1301	0.9635984333668312
689	1073	0.9860394602831348
1047	1315	0.9635440281307046
584	1129	0.9728398133408764
985	1294	0.9764227314291183
990	1073	0.9798053639599322
686	948	0.9825241335757073
1084	1227	0.9703236573017491
1111	1223	0.9867221718013013
926	1024	0.9701321447076652
1102	1225	0.9847041929643765
1133	1301	0.966189328552463
526	609	0.9666382615583283
94	1194	0.9857207241054657
1012	1065	0.9788377491488751
1041	1129	0.9824428793495692
924	1047	0.9631607221720146
1024	1227	0.979217078841182
1005	1220	0.9629454155579087
948	1084	0.9633871667412944
985	1005	0.970412331216867
990	1047	0.983897425610968
948	1225	0.9807292899152806
893	1012	0.9676627993590967
94	1005	0.9809899099062243
848	1224	0.9817001244484818
689	893	0.967094242984637
689	1173	0.9677249287909107
994	1251	0.9737640907503611
928	1057	0.9654774829316697
1223	1247	0.9774176470683082
1047	1292	0.9698836447083166
1101	1173	0.9848829072081481
1046	1251	0.9884530542998992
686	1225	0.9740104169350303
985	1079	0.9738443603028215
893	1227	0.9634720524833985
609	1024	0.9720556252413293
689	1294	0.9821686197949383
137	987	0.9619097103075201
597	1281	0.9940522647258712
828	987	0.9759135585625018
279	1172	0.9793641106537992
1041	1246	0.9950076703319523
94	948	0.9845006295941784
990	1225	0.985639292767745
1202	1247	0.9795338586433242
994	1005	0.9726132932327719
770	1143	0.9643212303827124
924	1259	0.9630389044069023
1084	1172	0.9655688035281546
1118	1184	0.9903277899322701
94	689	0.9814691235256401
924	1075	0.9623767108075532
1202	1220	0.9712161796319587
1116	1220	0.9820438875753835
526	1227	0.9639983611500365
689	1024	0.9796499433087348
492	713	0.9871326873551207
1026	1294	0.9652855434462552
1194	1247	0.9754483298121663
492	1012	0.9637115493161157
985	1012	0.9769815477827546
926	1129	0.9626845638028225
94	584	0.9709695118200561
978	987	0.9872202262258815
1080	1223	0.9816607101961989
1139	1301	0.965887026810051
1080	1184	0.9710905648246626
689	1281	0.9821136279383971
1129	1223	0.993552827466785
987	1116	0.9940022521297853
427	1246	0.9662078698308825
492	994	0.9741042886900447
584	1065	0.979173072126106
893	1065	0.9770728527693333
689	994	0.9775812782203965
599	1133	0.9834498682991043
599	1065	0.9791500443691393
948	1224	0.9815223565656774
1073	1111	0.9627301145952191
492	622	0.9729318079421492
972	1024	0.9634833726852503
1065	1075	0.9737219082722169
1047	1071	0.9719388443715271
1247	1294	0.9654570800440834
713	1069	0.9657052554127613
94	1223	0.9828780969978281
948	1012	0.9705093486498408
1073	1246	0.9884562370497549
689	1224	0.98162432355796
1071	1281	0.9765377598638
1026	1046	0.977322682170199
838	1133	0.9657247276906702
279	1173	0.9738369839485281
