978	987	0.9872202262258815
1220	1281	0.9892812215648152
1118	1220	0.9789799357464284
1102	1225	0.9847041929643765
1102	1194	0.9843386208817098
1005	1227	0.9756059032488851
990	1026	0.9782513885942763
1007	1041	0.9789102943736322
609	1129	0.9731419929632928
584	609	0.9956549116818522
1073	1292	0.9809079198563043
689	1208	0.9826406019295211
978	1102	0.9834883462874704
1281	1294	0.9900795570195255
978	1223	0.9906720443261849
686	1073	0.9718917075190574
597	1208	0.9849204391047245
1074	1129	0.9787949446861287
584	1073	0.9846168073128732
597	1247	0.9728739570976774
1129	1220	0.9781110931073771
1041	1071	0.9863793767553442
689	1041	0.9905980441724294
978	1026	0.9845696094690674
1026	1102	0.9749784842604174
1085	1129	0.9785884007407966
978	1129	0.9911984304228734
609	1292	0.9736019658984254
978	1116	0.9878206781037718
1073	1208	0.9885654318846744
978	994	0.9823314308137325
1074	1223	0.9785048708064201
689	1116	0.9887571163344082
1041	1073	0.993036286921425
994	1046	0.9729871057862729
597	978	0.9909137010353759
1005	1116	0.9894626323844689
1005	1194	0.9871797314016579
1118	1225	0.9821507066199856
1101	1118	0.974784496047771
584	1129	0.9728398133408764
1074	1111	0.975782328329377
1041	1300	0.9824462821831925
1116	1227	0.9750016436761428
990	1129	0.9725949856992766
1202	1251	0.992337352318607
994	1024	0.9817883919522457
978	1208	0.9733892546428523
1073	1202	0.977534975544533
609	1046	0.9725293703997001
689	1102	0.9825292418278907
609	689	0.9851913188234454
1007	1101	0.9831304976783287
1116	1202	0.989577255882081
584	1208	0.9782047478209659
1073	1101	0.991369162197699
893	978	0.9722171530105609
584	1173	0.9881116508425363
1223	1224	0.9754770694591961
1194	1224	0.9822730077663164
1024	1074	0.973639010568246
584	1101	0.9791328213740639
609	1118	0.9872518966171965
948	1026	0.979066474081385
1071	1085	0.9780949530535885
1202	1246	0.9750015528476532
1116	1292	0.9753069219179678
1281	1292	0.9767404088609346
1046	1111	0.9800365553210002
1041	1246	0.9950076703319523
1220	1292	0.9751949838500203
689	978	0.986526938170111
1041	1315	0.9848316823914797
584	1227	0.9790494574352715
686	1024	0.9729459408992134
1129	1184	0.9745759591449165
1073	1225	0.9788433913044153
935	1073	0.9839286155451892
1046	1102	0.9894781247029469
935	1041	0.983657115621299
1041	1184	0.9898425141688134
686	1012	0.9821201045507394
1116	1220	0.9820438875753835
597	1046	0.9922389957582338
689	1129	0.9923381132308133
935	1246	0.9777041276506347
838	1292	0.9726774457518838
1184	1208	0.9836538177032349
689	1046	0.9839000342781894
990	1041	0.9909189046800522
987	1225	0.9878096076167849
1041	1173	0.9856444459522544
1246	1294	0.992339022487621
987	1118	0.9910427143075267
1047	1251	0.9825188139047072
987	1005	0.982245976871073
686	987	0.9757734761123931
990	1184	0.9962397141902009
1118	1251	0.9860940434849239
1184	1227	0.9735432937379751
584	994	0.9736010473115577
948	1227	0.9828729808547396
1184	1202	0.9895185119409877
94	1024	0.9727904957269193
1129	1202	0.9829514015622582
1074	1194	0.9802719050652482
1225	1251	0.9868748351442307
626	1129	0.9768467573724147
626	828	0.9755659008035483
978	1281	0.9853400986230074
597	1073	0.9746223553337894
1227	1251	0.975222797753483
686	1202	0.9733724997578257
1041	1251	0.984948636402602
1184	1225	0.9858420983923228
948	1281	0.9760878598456397
1005	1294	0.9719347703814967
1007	1118	0.9737233282179
686	994	0.9759567363106096
1118	1315	0.9739275656627797
1101	1208	0.9810325325305437
584	1223	0.9748736226412162
1007	1173	0.9764747641402876
1184	1246	0.9817455984200957
584	990	0.9948559584492442
1005	1251	0.9763544162805029
689	1073	0.9860394602831348
686	1046	0.9754844848539286
1085	1116	0.9840079737370355
1129	1194	0.9912325947609798
1080	1202	0.9764281297704354
1225	1281	0.9870096482940882
584	987	0.9836193309417305
1047	1085	0.9750715525501554
689	1281	0.9821136279383971
994	1026	0.978418253085067
1005	1047	0.9806184522761126
1071	1118	0.9777215313806884
1046	1047	0.9801320367747166
1194	1208	0.972446947373276
990	1047	0.983897425610968
948	987	0.9850594677927942
985	1041	0.9893208951344052
1223	1227	0.988302128199981
1046	1223	0.9865204804088479
609	1208	0.9832855864509327
838	1184	0.9940762494314214
990	1005	0.9779486363988568
1071	1208	0.9881271754583262
1005	1111	0.982292492048766
838	1300	0.9736814909691851
1194	1294	0.9720120888335634
935	1208	0.972629708937199
584	1026	0.9797178947459899
94	990	0.9723475977108749
597	1129	0.9936920585491248
1074	1116	0.9758120310580907
1118	1173	0.9758213187674908
985	1012	0.9769815477827546
609	1194	0.9752575298065335
1085	1208	0.9860883234137097
1041	1292	0.9789009957897836
689	935	0.9745555276663134
1116	1129	0.9888747682311255
94	1005	0.9809899099062243
935	987	0.9733160372198875
828	1085	0.9824632829655995
948	1116	0.9869846341234437
935	1071	0.9786785821608628
1208	1292	0.9851173604241388
987	1294	0.9926244104839684
1184	1223	0.9762173818711808
1220	1223	0.9758554128751193
1116	1223	0.9921158333548817
1041	1194	0.9800884923869817
597	1116	0.9930455384880486
1116	1118	0.9900252264196485
987	1202	0.9897355820855172
1129	1224	0.9741018493910001
1173	1300	0.9777682369928835
609	1184	0.9934043582102939
935	1007	0.973286967170399
526	1024	0.9770522969584625
94	1202	0.9746148698836312
94	994	0.9800680463186815
597	1111	0.9780794654111481
1102	1223	0.9889665288293341
1073	1173	0.9780287788639381
987	1111	0.9729602472029897
1129	1208	0.9814309525313438
94	1047	0.9827988476234532
978	1118	0.9735922065167135
994	1129	0.974841833033617
994	1225	0.9739514551691844
978	1046	0.9906857852079629
1225	1294	0.9774695196001442
1073	1294	0.9850115028542652
1026	1074	0.9723418259615966
1294	1300	0.9858401243701075
686	1194	0.9740799399433466
94	1129	0.9819220279809501
948	1129	0.9919304700921513
994	1005	0.9726132932327719
994	1223	0.9730209817217975
686	1041	0.975519731374501
1129	1294	0.9799802737709875
948	1024	0.9778830463930555
1026	1046	0.977322682170199
987	1071	0.9854995838196585
584	978	0.9790412587624526
990	1194	0.9777342999201052
978	1227	0.9849687254855433
686	1074	0.9853573514930263
1184	1300	0.9742339188687673
1085	1281	0.9878751012716173
689	1227	0.9914500186164505
1041	1080	0.9849715089880517
1116	1246	0.9801851238204016
689	985	0.9772323277978414
1071	1073	0.9851197732402777
1080	1085	0.9936195566742816
990	1227	0.9751027529245191
948	978	0.9899848522576891
994	1251	0.9737640907503611
978	1073	0.9726244958194282
1080	1315	0.9792791840944395
1208	1225	0.9776338113401752
1194	1225	0.9906158868650978
972	1073	0.9748798861014241
597	1102	0.9919697728361059
987	1047	0.992080241131758
689	994	0.9775812782203965
985	1251	0.9743909858881638
948	985	0.9724851596833752
1251	1294	0.9832239047741803
1005	1074	0.982865327992835
1208	1220	0.9869255034839881
689	1118	0.9807390733787889
990	1202	0.9906137422766206
1173	1294	0.9768685155373087
609	987	0.9866519345574472
1005	1281	0.9829809102528126
985	1101	0.9784888539689489
1041	1294	0.9930975264493875
686	1225	0.9740104169350303
1005	1223	0.98867811137564
990	1116	0.9840976629351404
994	1224	0.9843911711141824
609	1026	0.975807701261892
609	1007	0.9843722624660769
948	1005	0.9876724409837769
1005	1118	0.9726103382216169
686	1251	0.9767374964380235
1047	1116	0.9896537385996482
1080	1246	0.9842923228427831
990	1118	0.9890785855213815
609	1315	0.9781649001676929
584	1202	0.9860369620148759
609	1223	0.9739371835590094
1026	1194	0.9888968745370091
1173	1246	0.9842107817062897
1173	1315	0.9767261746407718
972	1101	0.9777536957888979
94	978	0.984593779116713
609	1251	0.9875725294625226
689	1047	0.9913081898756038
1085	1220	0.9925170858015684
1071	1101	0.9874161271774389
1073	1116	0.9831580176438077
1024	1026	0.9725253560205319
584	1041	0.9903200714170584
1005	1046	0.9904218622676204
1080	1300	0.9781235007216427
1111	1116	0.9798813158264803
1041	1227	0.9765406267544866
828	1080	0.9749259068625908
686	1005	0.9814906784304345
990	1281	0.9791850434392328
987	1300	0.9754283769466107
1251	1292	0.9741459081420405
1194	1247	0.9754483298121663
1080	1292	0.9820275291013785
689	1224	0.98162432355796
1047	1184	0.9846142584193541
1024	1224	0.9893675165107524
987	1251	0.9852234013570527
609	1073	0.9888985572395403
1046	1080	0.9753264905919447
985	1292	0.9752652250189817
584	1046	0.9762582434458813
1101	1246	0.9882308764484312
1194	1202	0.9861280916299638
1184	1281	0.9814507951155858
584	1294	0.9805137744568406
990	1046	0.9849681064964876
689	987	0.9920333656053125
689	1202	0.9861365764071288
1041	1224	0.9742326228817659
609	1294	0.9872337565245661
686	1223	0.9740354155198342
597	990	0.974951072099959
1225	1227	0.9821766326397188
948	994	0.9829030137347752
893	1047	0.9762690456306241
987	1007	0.972270022201654
1208	1246	0.9953506107355906
1194	1223	0.9958195797301708
94	1225	0.9816235780865039
584	1007	0.9742164894308791
948	1225	0.9807292899152806
978	1224	0.977325560326616
597	1220	0.9823983922014727
1026	1129	0.9802769793688995
1224	1227	0.9886463139644559
838	1246	0.9765895321364045
1005	1247	0.9806984442161952
1202	1227	0.9784598526678223
689	1111	0.9850973875060647
1046	1184	0.9853192218739907
689	1007	0.979475584472991
584	1138	0.9748017484918619
1046	1202	0.9942959995312843
609	1071	0.9784734257404117
987	1184	0.9861108532033306
935	990	0.9744458549736016
609	1041	0.9926899135744034
1116	1281	0.9934710169053145
1080	1220	0.9957195511708381
1118	1292	0.9886134388920876
985	1024	0.9768621659278063
985	987	0.9793825872248336
689	1223	0.9932166850460318
597	1047	0.9848961042568867
1012	1224	0.977437458418972
1071	1246	0.986598007668801
828	1356	0.9782575950549173
1225	1247	0.9759262532812338
1071	1220	0.9842102825083093
609	838	0.986641134017701
1047	1074	0.9798210610180424
1118	1281	0.9882498798746967
686	1224	0.98048063601008
526	689	0.9753891995298412
1208	1294	0.9961796980012123
985	1073	0.9840637841621773
1026	1225	0.9858050519524552
1184	1294	0.9863912447001038
1111	1129	0.9786639675712041
987	1194	0.9884651820184955
597	1227	0.9758898392338641
1073	1194	0.9773538997418499
978	1074	0.9853615514502718
978	1005	0.9888488442157467
990	1223	0.9752732787316852
990	1208	0.9826610081388851
1073	1129	0.9812329614754796
1047	1223	0.9871295440826411
1085	1294	0.9827356676064323
626	1047	0.9744026958530501
987	1292	0.9791123209381323
978	1184	0.9797434198601034
584	1116	0.9788045899405574
1073	1251	0.9771769304559359
1101	1184	0.9721074382806821
1118	1184	0.9903277899322701
1118	1223	0.9756248556261324
978	1294	0.9729415986995265
597	1085	0.9819924641388899
1047	1101	0.9728652120249377
1074	1227	0.9786842338099735
584	935	0.9778467244263429
1071	1315	0.9960016162250847
686	1116	0.9812971399526899
1118	1208	0.9931941684553652
94	597	0.9735360886313242
1080	1356	0.9728486663761057
948	1111	0.9785151888061262
689	948	0.9864450774435869
1220	1356	0.9753289291314954
990	1224	0.9743289735623686
1041	1101	0.9888786838151009
1085	1223	0.9741579225327842
990	1007	0.9759693484455397
978	1202	0.9895713603790838
1101	1294	0.9790372770048681
1184	1251	0.996074655360822
948	1223	0.9895398493852869
1041	1281	0.9835673628343566
1026	1047	0.9762532020134622
948	1073	0.9721296717820129
597	1005	0.9866151863986666
1246	1300	0.9926129178579278
1102	1129	0.9838009114582824
1041	1208	0.9944522330809569
1194	1251	0.9794613641244339
985	1294	0.9764227314291183
1073	1223	0.981418333119112
1005	1202	0.9891273306469506
584	1118	0.9830951238558023
609	935	0.9816477092922868
686	689	0.9746712554479655
985	1118	0.9782924914485638
948	1041	0.9750132462612959
1005	1129	0.9821799705014472
985	1184	0.9794800412015721
1202	1294	0.9871794155440445
1224	1251	0.9739686315787033
987	990	0.9847925215241428
94	686	0.979057198407005
1118	1246	0.9893291052529827
1073	1281	0.9783543818417177
609	1173	0.9931104829969513
1041	1223	0.9838164601380571
1223	1225	0.9892208984732812
609	1300	0.978958625700667
1129	1251	0.9769875520355842
1041	1202	0.9871493618310663
1173	1208	0.9721200613091394
990	1173	0.9846812296662869
948	1202	0.978149455300011
1208	1251	0.9798709788075552
1080	1116	0.9886326600713305
609	1225	0.9797552164415069
1246	1281	0.9763925131206987
1194	1227	0.9934489783080374
1101	1173	0.9848829072081481
1046	1225	0.9918093461955938
94	1111	0.9767744175405587
609	1227	0.9757168295949733
1071	1129	0.9736037945666989
1073	1315	0.982748730472777
1080	1208	0.9930856773899506
985	1116	0.9776766810403272
1071	1294	0.9881778250881608
978	1041	0.9772615423133657
1041	1129	0.9824428793495692
584	1194	0.9785906298624333
838	1118	0.9806257674636917
828	1071	0.9797102347224906
987	1315	0.9761334264771065
1024	1047	0.9862625507036301
1202	1225	0.9937815367663906
1046	1281	0.9932608459712163
1216	1356	0.9765724954373521
987	1227	0.9797467374717854
597	1225	0.9860207450540293
1111	1194	0.988235339763923
584	1012	0.9727916977414418
1292	1298	0.9791822244958626
1026	1116	0.9771090054952742
1041	1225	0.9806657815667161
1202	1247	0.9795338586433242
597	1184	0.9766114447357437
987	1246	0.9853259299493264
609	1202	0.9827662837394471
978	1247	0.9762049821337466
1208	1223	0.9813186690467154
1080	1281	0.9891304983495436
990	1294	0.9867869193775041
1047	1208	0.9852770402632349
1046	1129	0.9842443532033056
948	1047	0.9912721993592581
1111	1223	0.9867221718013013
1005	1102	0.9918813630875669
1047	1129	0.9907390302288119
987	1223	0.9915707574076542
689	1101	0.9763976146234679
987	1080	0.9915698342346801
990	1225	0.985639292767745
994	1194	0.9819302679052273
1208	1315	0.9847930078307087
584	1047	0.9866622832574345
1026	1223	0.9827472365978895
1173	1251	0.9749533917695211
1116	1184	0.9851672373301239
978	990	0.9779923050428956
597	1026	0.9757902410363788
985	1047	0.987359134534637
1073	1246	0.9884562370497549
1111	1227	0.9809043572100027
94	1224	0.9830516735370518
597	1071	0.9729456131392646
1194	1281	0.9811481627084969
94	893	0.9808299929830325
1041	1220	0.9758053492758139
94	1116	0.9815625965853149
1208	1281	0.9899664807421993
1046	1118	0.9843664740767024
1073	1080	0.9881569258222143
94	1223	0.9828780969978281
978	1047	0.9848421778877184
1080	1223	0.9816607101961989
935	1315	0.9820416259813993
893	948	0.9796335878424536
985	1246	0.9860815834614665
990	1246	0.9822784710023373
1041	1046	0.979748323455819
1223	1294	0.9782786162530646
94	987	0.9789383265556886
1292	1294	0.9814848890251064
987	1046	0.9861611094042396
1026	1227	0.9887146775003866
584	1281	0.972621435006326
1080	1225	0.9750340726164017
1101	1315	0.9918161175835181
1071	1281	0.9765377598638
1046	1220	0.9725423093195511
1111	1202	0.9748450009333065
1116	1251	0.9838086168366337
978	1111	0.9815062957326521
935	985	0.9752750613951409
597	1194	0.9875257077052907
948	1194	0.9891322148379843
686	990	0.9760904280466968
1005	1208	0.9751349513037963
689	1074	0.9763173993243341
838	1041	0.9807025677634199
584	689	0.9840345217327934
584	1225	0.9834589495531394
584	838	0.9913168156143399
689	1024	0.9796499433087348
985	990	0.9827277821915901
94	1026	0.97510757581977
1073	1224	0.9719566553203767
935	1294	0.9722625895474071
935	1173	0.9781375597125187
1047	1294	0.9827498571299846
1047	1202	0.9823839930161974
1041	1085	0.974734776866542
597	1281	0.9940522647258712
94	1046	0.9766203152239379
987	1116	0.9940022521297853
1102	1116	0.9896116741477432
1073	1220	0.9788341371433014
686	978	0.9795131607177616
935	972	0.9749253205545676
1116	1208	0.9915957746080915
948	1224	0.9815223565656774
597	987	0.9921960950835977
1005	1184	0.9736902892469331
1116	1294	0.988376729721439
838	1202	0.9772541932308603
584	686	0.9772919749717426
1047	1225	0.9817246758193416
609	985	0.9805803792724277
94	948	0.9845006295941784
1101	1300	0.9805805296810834
626	987	0.9750795632842382
1073	1300	0.9799531886389952
584	1246	0.9803170590448936
1208	1300	0.9868675415481112
1046	1251	0.9884530542998992
686	1129	0.9724828749707572
1184	1292	0.9761380810089505
1047	1080	0.9805667892780157
1220	1246	0.9749823429578379
689	1080	0.9785046407543381
1220	1294	0.9842195984365826
1173	1184	0.9837660609207054
584	985	0.9858885537716575
1129	1281	0.9863076312687339
609	1024	0.9720556252413293
987	1102	0.9813499454574313
1223	1251	0.9769254740774841
1041	1116	0.9881950337006381
1047	1224	0.9847415618442301
584	1184	0.9948528386863815
987	1129	0.9930161009175877
1073	1227	0.9740911844763905
1024	1227	0.979217078841182
94	1194	0.9857207241054657
994	1111	0.97330605520866
94	1074	0.985338054592428
609	1116	0.9776382778317724
689	1026	0.9881224147293953
987	1041	0.993106987238268
1046	1074	0.9754881811592454
597	948	0.9866560365542276
1047	1281	0.9798875007387188
1118	1202	0.9856032176200464
990	1101	0.9740888865349046
1102	1208	0.9746570330353574
584	1224	0.9823453097815134
1026	1111	0.9796030421687723
893	1074	0.9863536100468466
1005	1225	0.9873597369324554
609	1246	0.9862142546488046
1005	1026	0.9746182256163385
1138	1224	0.9768497355899775
94	1251	0.9736031427723248
994	1227	0.982531967425142
893	1224	0.9799521440874706
597	1223	0.9931062554111667
1046	1227	0.9737959747195908
1080	1102	0.9748913394528778
1026	1073	0.9720753094141773
689	1184	0.9825097535029211
1251	1281	0.9843140307369886
948	1102	0.9858159386102328
1246	1251	0.9743831205030498
828	987	0.9759135585625018
987	1220	0.9860277930159741
526	1047	0.9742128096016662
1292	1300	0.9919663708049906
987	1101	0.9786845065444627
1184	1224	0.9741039761781588
1080	1118	0.9860818726509535
597	689	0.9873969661321835
1085	1118	0.9840129057945468
1047	1246	0.9800639290171156
609	1281	0.9745778224351542
1047	1073	0.987633484776164
1026	1184	0.9768693933156374
987	1208	0.9936574756022953
597	1251	0.9797167463665266
838	1298	0.9732043849325381
1026	1224	0.9780044691027119
1046	1208	0.9807996771653412
838	985	0.9774206216191621
686	948	0.9825241335757073
1074	1224	0.9828026338570107
689	1251	0.9798868284356436
1080	1294	0.9879366645569048
1026	1251	0.9768608213519961
987	1085	0.9881359635103095
1129	1223	0.993552827466785
978	1225	0.9908300495981303
987	1224	0.9725738545684837
1007	1184	0.9725183715825153
609	1224	0.9728720597352807
689	1194	0.9935850355810124
994	1047	0.9772404640637413
838	1173	0.9852413965762117
1202	1281	0.9922864846200917
1012	1074	0.9731821566336873
987	1073	0.9904061416737624
1073	1184	0.9825251880507285
985	1208	0.980591016232977
1102	1111	0.9803138185446625
1246	1292	0.9849396252899861
1080	1101	0.9751662645219861
893	994	0.9759612786047582
987	1281	0.9925615606664753
948	1251	0.9723344717090856
689	1071	0.9759546738977063
838	990	0.9905309701200252
985	1224	0.980324472406898
1223	1247	0.9774176470683082
597	1294	0.9852338850757565
1026	1202	0.9805213752511822
1071	1080	0.9867580623901209
948	1074	0.9886564059828955
689	1246	0.975748937656411
689	1005	0.9839664092772955
686	985	0.9836901437203618
972	1071	0.9720368522371128
689	1225	0.987023060708001
686	1118	0.9727099229626824
1085	1300	0.9759538874672645
1046	1294	0.9819237370849817
1073	1085	0.9787582262433507
1184	1194	0.9773944864223664
1129	1227	0.9847705762958139
1047	1118	0.9823455576565141
985	1300	0.9748584155959688
1118	1300	0.9852549916365319
1116	1194	0.9867245716537402
1074	1225	0.971999123143865
609	1101	0.9875348280222744
1085	1246	0.9746943012978595
1294	1315	0.9846759325874137
597	1080	0.9833981135909062
987	1026	0.9785762653174064
1102	1202	0.985054371182438
990	1073	0.9798053639599322
609	1047	0.984085174172004
609	990	0.9932774412046799
1046	1194	0.9847607035313479
1071	1300	0.9803898305496123
1246	1315	0.9902299849097884
1041	1118	0.9906919620987912
978	1251	0.9860284432518436
985	1173	0.9764112285157618
1073	1118	0.9849321103566635
1118	1129	0.975528037815361
838	1251	0.9908365996870105
1046	1085	0.9728023162209509
689	990	0.9856287689045806
689	1294	0.9821686197949383
1085	1356	0.9777075389347585
626	948	0.9726604460769211
1102	1281	0.9856216485388394
1300	1315	0.9853760175681578
948	1046	0.980621788486627
597	1202	0.9888143946034922
1047	1194	0.9852053111917314
1085	1292	0.986906354522068
1102	1294	0.9730244732372291
1026	1041	0.9732036859488493
1047	1102	0.9776441657939967
1047	1071	0.9719388443715271
1111	1225	0.984411729379038
1007	1246	0.9735219955890277
1041	1047	0.9904468603204906
1202	1208	0.9843588399259859
1129	1225	0.9831612559440632
584	1024	0.9789794718671478
978	1194	0.9918736158520867
597	1118	0.9804094730503417
1007	1073	0.9804672699546135
686	893	0.9880055386469635
838	1294	0.9747554933837023
935	1101	0.9902717000155853
1046	1116	0.9929076759927689
686	1184	0.9756467079721312
1220	1315	0.9750477818087646
597	1041	0.9810734956672509
1202	1223	0.9870038206852088
94	689	0.9814691235256401
994	1074	0.9863087540181028
1005	1041	0.9772527015480749
1116	1225	0.9897871264165736
94	1227	0.9813041017719925
584	1251	0.9918299580873151
1080	1129	0.9817274582116778
990	1251	0.9923514017473567
686	1047	0.9837333950373991
1118	1294	0.9932446341284213
1223	1281	0.9876911452385095
1047	1227	0.9825004808873599
