36	42	0.23165134848195773
49	60	0.35150466354557036
29	52	0.1757112867558722
12	29	0.18565937653025527
54	61	0.21098789751240332
10	22	0.12417425757824208
15	47	0.13889677393461497
3	64	0.05012506667912036
13	48	0.06363838932811992
15	22	0.14634567810320734
18	36	0.11668561679334236
3	45	0.0981783559158542
8	25	0.09721858723100996
7	42	0.08570578824977858
40	46	0.19507744872030056
18	35	0.10457907055312221
10	24	0.1550709587616975
18	49	0.07102692814914137
33	56	0.25716979932674605
36	55	0.16108816068408377
11	36	0.21301414946760658
19	32	0.12333018690410923
24	41	0.07272443139746337
20	43	0.05325387172153698
1	24	0.31094873043262944
36	61	0.06981568610474898
13	53	0.07382455863295238
35	58	0.21270015802771464
1	56	0.13923712264297286
26	51	0.09150187245694036
16	40	0.1909152885206605
12	19	0.3276836656028667
19	21	0.7934135074950994
42	62	0.2919720802032484
8	43	0.13415520768399575
16	34	0.14101446373078738
26	41	0.09286765818033446
21	32	0.13745305899962512
41	59	0.07429127793275413
35	48	0.11452029282402897
55	57	0.25517639732058983
29	46	0.12629820652146084
22	56	0.06331736495333891
14	59	0.058473536381394
27	48	0.09231774150261135
48	55	0.14973379023514397
14	42	0.2310921016178939
35	39	0.31966856300438184
10	35	0.1950647734258848
4	27	0.2027812429040093
43	63	0.19766066937666285
9	31	0.2836216404743417
23	26	0.40137064895509256
9	37	0.21883697533367558
19	62	0.07778560438686047
8	53	0.14396774607265392
8	40	0.12859786323655736
13	32	0.12927665451541384
47	58	0.3776574035793037
2	46	0.0965092748876481
26	57	0.09494484159880287
41	63	0.09082079377917987
10	40	0.24132918633267547
3	39	0.12212246497300429
14	20	0.27278773846133475
45	49	0.3930041501774859
8	24	0.06980496344404058
17	41	0.06243869495325363
39	53	0.15370488940558255
10	20	0.12777443162684687
20	28	0.24446978969805108
14	51	0.18436775234726407
4	51	0.05692848953572368
3	33	0.15785994660709388
5	20	0.6977764494351826
8	13	0.08774735634661943
1	32	0.16707264599559773
3	13	0.5154625093965051
11	35	0.1867756101964897
7	33	0.09184684938863931
19	58	0.0679770714140671
29	64	0.1055327234154659
6	29	0.17642880642411937
11	17	0.38261046593471987
2	6	0.34283182866420486
0	19	0.07412534366957763
2	54	0.09067355157423101
39	56	0.20240803946181027
24	32	0.164896878452678
14	28	0.35408233961480473
17	51	0.07869897825623384
2	14	0.3473787867003577
23	36	0.11909811655215152
18	22	0.8362909580830133
0	43	0.08435534954092101
3	47	0.0903691261729788
1	35	0.15223641216954487
14	35	0.19122631783466304
28	64	0.08874404851315093
16	21	0.3586176883996343
2	42	0.1784044838643993
34	36	0.7227754004688974
2	41	0.09685081881383997
9	63	0.10520868126688701
0	51	0.0706827184955052
29	43	0.16099098313584823
2	43	0.09511921973181457
14	27	0.32606316499833754
57	63	0.22863536935637885
40	42	0.3694750149672451
21	24	0.5759575168246114
9	24	0.13339673968551286
2	24	0.3345360475832517
27	46	0.10016418847869268
29	37	0.21113620284518086
4	25	0.26049190230366354
46	63	0.1789330013407204
5	16	0.3158826941554454
21	45	0.0818048553606448
5	12	0.3255323034526836
30	32	0.47560882584050335
37	40	0.37413658321712595
9	16	0.20294227928892833
1	7	0.3907006574582784
18	58	0.06681441722297239
6	53	0.05238437446489817
3	15	0.23033481605980113
17	18	0.9619324372261885
6	23	0.4430449918155566
35	46	0.14265742371083517
5	24	0.42359626773323195
3	4	0.6044516976042087
13	25	0.29662547960816577
4	31	0.09985208491321897
0	54	0.06574674781824023
24	46	0.06542297280295777
7	27	0.19170925184811463
58	64	0.19330391498997973
40	60	0.13490926795603056
30	46	0.17154573783720184
16	42	0.22986943634357074
1	8	0.13879597782723502
44	63	0.058444406273471465
5	37	0.07865139021168746
10	53	0.1694470928311086
29	49	0.18766993753619787
3	53	0.09648482622442417
2	21	0.3589778970367272
2	10	0.22712875071587435
31	60	0.12059914650485494
8	22	0.05026437752535195
9	19	0.12219941844919559
28	33	0.18894802206999384
58	62	0.4352851608787137
19	23	0.7255140590228633
49	51	0.49809965887281366
32	48	0.14854135693426126
22	41	0.050254135311136865
32	59	0.07525022708332565
29	47	0.1430286786603587
40	47	0.17946018004151218
6	24	0.4529108179472703
18	41	0.05415306978355187
17	19	0.9742301916406267
11	15	0.342849429987704
16	50	0.08907002024496219
28	57	0.1066894447895338
27	28	0.3349992910442121
34	48	0.13441620447482414
26	29	0.4868638192818085
6	48	0.054405443333827436
27	45	0.11644287870173506
18	39	0.08255727178801812
45	61	0.12591628257535883
46	61	0.10951549084209278
34	62	0.21712485520870278
13	51	0.10579155637010342
62	64	0.2197557853170004
1	22	0.31759597849884785
43	58	0.29772315871192884
11	34	0.20632007001515318
15	27	0.25684229108031936
34	64	0.15177516573944683
38	45	0.2814460301287731
11	22	0.3652390529990638
19	39	0.09594735803958876
11	19	0.41052567421291597
30	40	0.2756778930269097
3	5	0.46036077055977614
9	47	0.30715065668028
3	23	0.4028146379914924
44	59	0.10482300996392976
0	1	0.21863135927660757
17	40	0.14055455516099566
33	47	0.16795693913691861
42	61	0.09838996382308116
6	18	0.8546110326321962
11	63	0.06901289159688262
38	41	0.20910155707490105
8	59	0.06626676951335278
10	49	0.209052988863801
32	61	0.06675352704034494
34	56	0.19835252592165972
15	49	0.16657712992579635
35	43	0.15686595269138826
11	25	0.3110685560304802
0	33	0.07458400748832464
10	61	0.06631729300804223
13	33	0.17153102281200483
16	46	0.09007026874655073
43	56	0.35159382886769497
32	56	0.2166925664289303
2	62	0.12179425501084998
10	30	0.2559414487731313
51	62	0.3390197933352499
15	23	0.1581211169602414
34	43	0.14564194511060782
49	50	0.16340331484591325
20	39	0.07372480919524349
0	45	0.08748405084768775
6	13	0.522712199550974
58	63	0.21842466609614777
7	34	0.10685030096272076
36	56	0.20413035594083334
8	38	0.17685767676041445
11	48	0.10285662743296586
13	19	0.6605669914988769
52	61	0.11617349376752609
3	43	0.0834453595632091
24	56	0.09678401799069243
3	34	0.13221040913655516
9	10	0.525084437898857
6	51	0.05428766685866301
16	19	0.3774030792453883
7	21	0.5452677654186482
43	55	0.27646327441054125
8	60	0.16250682203873099
11	41	0.12365627478370457
24	28	0.301866270008551
26	50	0.05423940919091461
34	52	0.1992351123090977
27	29	0.46683262841031187
26	45	0.11827902484160387
34	59	0.050457646828909214
30	38	0.2911007786869566
17	47	0.051143510763169565
15	40	0.20863568567422955
15	50	0.1091215309906058
56	61	0.12455274502177202
25	32	0.26685829186563537
21	55	0.0830593102015986
6	30	0.12088720644977215
7	62	0.05595684223917921
16	20	0.38904121457840907
0	40	0.08334871342084192
6	26	0.2890875175061118
11	52	0.16880185146427784
12	58	0.12992392615679135
33	62	0.29326665956938486
2	64	0.06765000429096059
13	15	0.26603503428022357
23	55	0.0615601158375097
28	58	0.12999028353304462
42	57	0.271221156186139
13	55	0.11679533878280195
10	16	0.2332036589163426
37	45	0.2303616517673872
2	11	0.3868540558690663
45	56	0.45096031399337877
3	27	0.22088304076444462
54	56	0.40548552495927537
7	57	0.05298319322565788
16	47	0.09037758057373219
3	24	0.37104647948999997
3	11	0.4227072254987234
2	31	0.13907794871715318
26	55	0.09924049358134553
31	36	0.4357547141746794
19	29	0.17885967545929485
17	37	0.09040602567186344
45	62	0.32253764475139074
53	60	0.32887119512210855
12	24	0.37249980658841975
3	7	0.5363638233430386
60	61	0.17660510137516283
19	28	0.2464487543766093
5	10	0.11191426638017242
6	33	0.12142200895054117
40	52	0.26803219669255185
38	53	0.18471836653960888
21	41	0.05069376756566971
15	28	0.3128342179473085
53	57	0.3591168146896163
29	63	0.060462541948227685
32	49	0.2263193334901974
28	41	0.09849312428198313
31	46	0.17260978005350278
2	45	0.11845326641452435
4	18	0.6525248550423414
1	46	0.11400052346407219
29	55	0.1289225440380618
51	57	0.37487200994860487
6	39	0.08161436247653239
8	27	0.14814751990936798
33	42	0.268513318079165
7	24	0.4050919562083446
18	54	0.0538044186835248
37	57	0.24321511182990876
48	60	0.2099723158927485
13	42	0.16906643763389104
21	27	0.27235422026450185
27	37	0.20724127871924009
3	8	0.0934818443707698
45	52	0.41569437734678716
5	38	0.06311386788342382
49	53	0.5013605458584984
2	28	0.23644162316039635
15	42	0.2366094244591963
40	56	0.28285219476715057
53	54	0.5382435078176645
1	3	0.6379568383404162
28	61	0.057593989161405755
6	58	0.062176693068638884
10	63	0.07460755432160268
7	56	0.05415268142769632
22	23	0.6733084257554445
12	15	0.3597416528055455
21	51	0.07915415083441782
15	17	0.1838838889946176
39	60	0.1347653729449687
59	62	0.17856925410551763
8	11	0.121243806041458
11	62	0.1523272261980761
31	49	0.21681708726080426
37	43	0.22615871361412032
0	60	0.058565308789959185
24	36	0.18675837150757532
4	7	0.7683518832166656
10	21	0.13849824485489817
33	54	0.1822553574833432
36	46	0.15871699167565725
17	49	0.07579777246077288
13	45	0.11523795546237506
30	31	0.5550327651360288
23	28	0.2478849989232296
18	21	1.0
21	34	0.14425811560717042
0	57	0.06722945087862586
1	14	0.36636695295702304
4	38	0.09253742508994603
17	36	0.12365685339601812
28	53	0.09922082392983136
7	40	0.10799787659920376
19	34	0.12274514759199648
56	60	0.2813861177160289
35	61	0.051930475151868806
26	37	0.16417004279657385
22	58	0.06817794187430845
3	16	0.33956740773802424
11	21	0.37796341002079464
26	58	0.09150515528988475
29	61	0.06055205245055016
45	57	0.33637547008646534
52	59	0.15403228110731557
15	45	0.18141766932450035
38	61	0.0797213024986922
13	24	0.490951813496689
1	60	0.0863639881345201
28	38	0.14839376492354156
10	46	0.15947692363133845
22	45	0.07021754363835693
10	56	0.18953351213499375
28	49	0.13254066274014056
15	58	0.1756500973196528
2	18	0.3489216328572416
4	19	0.6517355240061551
13	39	0.1201007980172714
26	35	0.20807067897445422
1	53	0.12175856374261285
43	64	0.1588236438887817
9	62	0.3035251101669211
24	25	0.4724187544041646
5	19	0.6802458400756363
5	13	0.545165843157797
45	47	0.3537077840122588
4	23	0.5199255274490696
26	36	0.2100422808002943
30	62	0.18758439290029555
7	19	0.6302446126023716
40	58	0.3191856403838171
4	22	0.6022524330370286
6	16	0.3522889157962071
13	14	0.3962437587389764
12	50	0.06219068711603936
35	42	0.2009400481716311
27	60	0.06867381861880065
44	60	0.057997054285136934
25	37	0.18120616006118523
3	28	0.258847988494879
23	56	0.05347852232065458
33	57	0.21614376556647266
17	29	0.19640666248910868
17	26	0.33360197206884545
11	20	0.4162141332303965
18	52	0.07671009513329415
29	45	0.16505047607153872
15	55	0.17977024589193122
16	62	0.1382676946303512
14	26	0.2684988602943597
6	11	0.3363664194405544
12	38	0.14412262370024345
10	38	0.24997315195471095
17	30	0.13658020437811086
32	54	0.15517806295499387
55	59	0.10860035989247709
5	27	0.18554586258601236
19	51	0.06798772676866557
0	53	0.07284862162125152
8	46	0.1470804254006339
2	4	0.4705756924644258
42	60	0.16296404949007867
1	26	0.2547882524371698
14	30	0.20075174404393603
24	26	0.5411600038653002
54	57	0.4082517380049513
8	14	0.17066965648495858
9	25	0.16769762966593738
46	49	0.4188110347173965
11	55	0.1610117412029738
37	41	0.2542413350035808
43	61	0.11627960105338526
21	38	0.12429645911334553
12	41	0.11473960311496427
20	51	0.05329793113605675
18	28	0.24252136529535487
29	40	0.25703991206343113
6	9	0.12326067915342112
30	45	0.1976283498433089
8	57	0.16695766579271817
29	41	0.11211028986121764
32	42	0.20224531347103128
23	25	0.32221905627311315
31	54	0.15480291289061357
17	25	0.3349814175487293
0	27	0.08288365768079367
14	54	0.11986963957771227
48	54	0.34596174774932215
25	33	0.3061925566189271
9	43	0.21517431892375455
37	38	0.34105655504035026
22	36	0.12561275421702134
40	62	0.29638565477414003
12	43	0.12968223043480792
8	63	0.10638209856396345
13	21	0.5678477679681331
15	54	0.09989006521552496
15	63	0.06989280042243237
18	25	0.3335043155116593
8	29	0.10430714037404162
10	13	0.1784527467163314
37	63	0.13471164296285282
2	17	0.38395030263856267
43	45	0.47446919269311433
47	54	0.30951276705088077
50	54	0.17054151823184033
54	62	0.29037238089681
11	64	0.08653892237960403
16	22	0.36628827408218984
28	60	0.08907586013614008
31	56	0.19145007975715875
38	59	0.07537443605001523
0	24	0.07022201635111988
19	22	0.8244465783088513
36	64	0.15628177150123793
20	21	0.625352817366233
28	42	0.17483608481867036
29	50	0.08775693452526885
2	53	0.08301538815423201
14	19	0.2557037338945447
9	56	0.30789898713909825
14	62	0.18213630878068918
12	20	0.3762462096079737
20	35	0.10785055126516213
2	30	0.16404477193194478
32	45	0.21069788555975816
52	58	0.5554985881011882
7	58	0.054459308868053995
28	31	0.20619054273679047
20	37	0.09032816982187081
24	39	0.12807411265224916
34	50	0.09333704850554442
14	41	0.13412609601626022
17	58	0.0710376959860359
32	63	0.09922832531312188
4	35	0.08598859730667277
42	56	0.35500192127718333
3	31	0.12164863774366264
15	64	0.11946920146529239
38	47	0.20439902317688818
22	32	0.12140235842747941
0	64	0.08139581615645117
32	60	0.12739704086915357
17	32	0.11460227725683113
26	42	0.13637249851571828
0	4	0.12166925755613346
0	16	0.0960843741791175
20	25	0.2894303751692714
29	53	0.11090847064082784
60	63	0.20333769871297655
13	46	0.07616092891598497
46	57	0.31524209416137405
16	45	0.14033657613850403
1	43	0.10325997418679461
1	5	0.35770048541755695
10	55	0.1928069922585184
20	22	0.7042942027023394
21	62	0.07926620995461338
33	39	0.4698474071988566
4	52	0.0501509865874275
36	58	0.269182243098938
0	21	0.07808218665445317
10	31	0.2279252446267663
45	59	0.12483019500139834
9	58	0.3445620810957307
0	12	0.08742022379933784
5	6	0.9957446038128929
26	48	0.07225830217986651
54	60	0.3820074012824732
37	47	0.20233400742023966
1	48	0.10574491017236824
0	28	0.10033299340819457
6	21	0.8088767926559105
6	27	0.21066076577661993
14	60	0.11056826867237679
10	41	0.14059914627116674
28	32	0.19637077357802418
11	47	0.12770436300287066
34	46	0.13191363193296732
6	20	0.6198883758812116
9	42	0.3028609219811388
39	64	0.1896799341081744
27	30	0.31951600755697385
23	27	0.2732741030363158
31	42	0.2349150071405355
4	30	0.09608416832270156
8	16	0.10328497340678462
41	51	0.15847486001281832
9	21	0.11740287700867101
9	46	0.25971798144339014
18	55	0.08910692439105221
2	7	0.39721204810514993
2	40	0.18759947487074824
42	43	0.3802069764426985
12	36	0.1409797694707239
43	51	0.40461844227028587
13	22	0.5322014244363129
18	23	0.5314031516680443
4	45	0.05665726686267239
48	52	0.2749471022029582
27	32	0.2716136775119867
8	12	0.10699619803421918
2	35	0.13568685142584677
13	40	0.17922088474255896
10	37	0.18788559032779803
45	48	0.29017209542888184
25	30	0.3056781034907083
41	54	0.13153250741866868
11	26	0.3053739811864434
17	24	0.5575669500244878
3	17	0.4620987768809994
56	57	0.42594723508228416
59	60	0.23642363106022066
2	25	0.24588162051000392
31	51	0.20982179898530393
1	25	0.22463227534723054
30	43	0.16977394395746917
27	49	0.159275486508719
3	30	0.1381004516970397
35	37	0.46121762597302246
26	30	0.2834767074326898
14	21	0.2538892042431128
24	57	0.07194050545872933
51	59	0.13464721615746855
4	62	0.06001025087970318
11	49	0.18798421084818473
12	46	0.0970550459429441
5	31	0.0829712131042907
15	57	0.15331464806008735
35	38	0.3471353359130773
38	58	0.29975438025660484
49	58	0.6252507592612174
12	51	0.1498319140315543
8	58	0.15355698479837104
11	38	0.24883810616046298
36	57	0.20319427086776756
11	32	0.18821505388276497
33	53	0.1948686622633852
10	25	0.19907350012754435
35	36	0.5782867117359378
40	43	0.2391986646505472
2	22	0.3513159326489147
16	64	0.07200651534568293
23	57	0.0540681550123212
31	32	0.592463317802389
25	42	0.18075451342184412
31	53	0.16487989259761046
5	14	0.21936110580328186
16	36	0.15895845008512127
27	47	0.11286331647810585
1	11	0.3450924853892577
6	49	0.060912559062071304
12	37	0.15808684151493807
7	26	0.2627861148506248
6	31	0.10774474500377884
15	38	0.19462141441702902
10	51	0.1825975528791727
6	32	0.10853652345722514
39	46	0.17598370207210934
0	22	0.06987933856072251
47	49	0.43052485807716934
59	63	0.16595241527412347
16	27	0.3320351168511001
28	36	0.16857050995860706
27	53	0.10630356784621282
40	57	0.2527635694652723
5	22	0.6060686652201481
2	39	0.11200365128585962
6	8	0.05029294249689277
20	29	0.1827415864265835
28	46	0.11043999327926628
9	55	0.19847883813805633
27	62	0.14501694050487873
46	58	0.34034443610755555
33	58	0.3040549087490271
24	49	0.09613171553225087
11	16	0.5108074729393948
36	62	0.2769474869687825
24	52	0.09660871760795485
42	49	0.3257756016664581
11	50	0.07643669868841674
41	55	0.21394786987622436
25	46	0.09198337295579881
27	54	0.09917567417878739
3	52	0.11329965910737579
39	54	0.16503822807777732
31	63	0.09305502739975265
3	9	0.222877100101225
20	30	0.11970803790037328
35	52	0.19547349964442814
42	50	0.20193109931950917
31	58	0.23843612332153996
33	52	0.28878335268146915
2	51	0.11219163851045671
7	9	0.09932918760974067
45	51	0.4225744032453156
4	34	0.10243829424972287
15	20	0.1570981312727075
59	64	0.14243347897974404
6	7	0.5602002366136914
1	21	0.3212511845435533
60	62	0.2653521656207457
43	47	0.3067050859092061
37	50	0.12589409691699152
40	41	0.23328557313508858
30	60	0.13232857303657605
47	62	0.2866729253948278
5	39	0.05879083542605759
18	62	0.08128189399055852
8	34	0.09192379460992771
9	18	0.11484810892903202
2	20	0.3640607521926921
5	32	0.08421765452655804
43	52	0.363631665464679
10	62	0.20883103789967436
46	47	0.48099396917540166
21	39	0.09325551257338192
2	55	0.10897584383440856
22	24	0.6829892262737427
7	36	0.09964947788869678
9	49	0.3374753312992516
28	59	0.0529291787009969
4	57	0.052341583587313514
42	59	0.07749888207450994
27	56	0.13837617182205778
39	62	0.24479196395181693
26	54	0.06290408067081638
23	35	0.11102265188157676
54	58	0.43098470798742994
30	39	0.23993572151814416
11	53	0.129435841738997
14	52	0.18324995248584272
7	31	0.0871362213136287
15	41	0.1410724792349475
1	57	0.12675554290903165
2	47	0.09972680638880989
3	18	0.40724626753528576
0	20	0.06809505832140653
16	57	0.12000537342659232
5	21	0.7701917458267411
14	37	0.18353667037827293
1	41	0.10172817527220392
25	58	0.12423999196443358
0	41	0.09964765491122038
36	59	0.07284444425750143
38	50	0.13128547160343235
43	46	0.30533270038487126
31	40	0.37035293010837494
15	51	0.14888639676236137
4	17	0.688875357573492
32	41	0.12685906068516536
4	39	0.0960252073478131
19	45	0.07795778948642287
8	61	0.13299721458257951
1	45	0.13719786831053937
53	62	0.34583877417036024
8	42	0.11924501404799182
37	54	0.19771461749482258
14	40	0.20380187269712244
3	40	0.18312615944157612
21	37	0.10090741151455358
7	52	0.055631418211257104
52	62	0.38788471044474476
6	55	0.08201725621345803
32	57	0.19551200473637503
30	33	0.39923524494628987
38	46	0.2069655343793764
53	63	0.2863160908909022
5	11	0.31573856645442244
10	57	0.15947155379179717
21	36	0.13215686135014815
11	45	0.16752997336082132
42	45	0.38115729670825277
3	38	0.16020540292316718
0	35	0.05350555104800142
7	20	0.7103313549323186
12	33	0.1525342020004121
16	24	0.43229995368620155
35	63	0.07472146342700389
19	20	0.8843971536739543
20	34	0.11300461643059255
12	45	0.13377495648767387
28	62	0.1374668641906717
21	29	0.22736965685486693
52	55	0.28872032744987397
6	38	0.08962853058411838
25	60	0.06475262477384287
25	34	0.23988177946334333
26	46	0.06366075211088323
20	23	0.7431134793961345
3	54	0.08365868811711687
22	28	0.2715740678184726
50	60	0.14811285415128783
18	38	0.10182420795872724
22	33	0.14752665602006798
10	18	0.12119101872522664
15	53	0.12132176618322123
34	35	0.756705864626792
11	27	0.3070995018348331
36	52	0.20651044653940917
6	17	0.7905062913921783
6	34	0.11758164553022926
43	62	0.25592539572431966
47	64	0.19867359346536828
34	49	0.18570265728073157
50	52	0.20610233099561026
14	58	0.1667260800709374
5	26	0.2662581127671216
38	48	0.16832179307945958
5	34	0.10473047335006083
16	31	0.15029730631920468
40	64	0.17037239326798875
43	53	0.27085967871778616
27	31	0.27151003126950773
4	12	0.3621328615702147
5	33	0.09839937848195855
29	35	0.28107625665775954
42	58	0.3103495893843122
15	43	0.16146663652646792
45	46	0.36483196921897915
1	9	0.2638980784867001
45	63	0.19332297917611593
1	2	0.7184907664759754
41	43	0.28171383256639787
9	22	0.10503720577458303
33	36	0.6020169453813385
10	64	0.15387978814715994
12	55	0.13973776987227451
38	60	0.12602937830377378
8	49	0.16254069811104718
41	58	0.1425325871930358
10	26	0.1701701555358567
27	42	0.1740917755739868
16	63	0.05210213552428069
21	23	0.5326632926897211
39	45	0.22130198833410245
14	29	0.22249812895817178
27	43	0.10322318907302208
11	18	0.3382749465470088
4	15	0.153475045256161
21	42	0.11232741922705708
30	41	0.11019491128158827
51	63	0.21242614900982432
62	63	0.1652850381443594
4	16	0.3196344736347354
25	48	0.07786193194915865
49	56	0.5026408294836933
9	52	0.3545197910486571
7	51	0.05175488953595439
18	26	0.35148883252964175
12	16	0.5260335000740378
42	51	0.36752869281666767
6	52	0.061659040109878306
24	29	0.28677651301479495
39	52	0.20864902251885872
40	54	0.18070161849837416
15	29	0.20045754795094592
22	40	0.12281890051404007
0	18	0.06805791498762401
51	53	0.3684247077665833
15	56	0.1876988221286408
45	50	0.21646692541718188
6	40	0.11671517928994558
15	33	0.164288845200617
1	47	0.09926260691148257
9	12	0.23747494134864652
39	50	0.1330490658161957
9	17	0.12794567016404548
38	49	0.2666063570590121
6	22	0.6280295557763964
47	59	0.16630896844955484
3	41	0.07372490135669728
43	54	0.27022670226335255
14	22	0.25869958240875907
27	41	0.10561443440514029
13	38	0.16132500054027527
21	33	0.15359391865773409
36	45	0.1751301478072808
31	38	0.34815020896800625
52	56	0.5731618961817324
25	28	0.24639245014572364
19	47	0.053496651308016126
26	62	0.1087054151628137
29	31	0.3777959269419083
32	53	0.169067323367872
33	41	0.15456555974367725
41	56	0.17028296938888018
13	30	0.1510135612639537
7	32	0.08319114422960656
43	48	0.23371116105918047
1	4	0.43815514800838284
5	25	0.2259944239867959
26	47	0.072089197871081
52	64	0.16124582805268867
15	21	0.14826462486798023
25	53	0.0988427849679906
33	55	0.17789473715611495
1	12	0.36816923347533853
7	38	0.0843712806948799
34	41	0.12656535616200063
0	39	0.07119403115179782
30	61	0.06672854771811117
47	56	0.37533811410780377
12	62	0.14383401496437198
13	20	0.6979550616933595
49	54	0.4513720995740402
4	42	0.08332767397520338
13	52	0.11554626346304865
15	36	0.1699547086365521
2	52	0.11825640910516157
3	21	0.4156114398376475
38	42	0.3357021516141732
25	39	0.20875891810657912
51	61	0.12213926595797273
7	45	0.05423060110156508
41	61	0.09710033671791542
18	32	0.10783620910350307
31	57	0.1983286403469476
3	49	0.13731507442567237
41	57	0.14032574042523382
25	57	0.12666572346178054
11	23	0.399093121187209
8	9	0.26564060890948255
40	48	0.13730385378043625
35	56	0.1946410917391902
34	39	0.3826213716804828
14	47	0.1617846436518763
24	34	0.16131485581408322
51	60	0.23758731846496994
26	28	0.2710734009466293
35	41	0.11788938413298744
2	48	0.08539937485578339
9	57	0.25719153146202617
19	41	0.05047311097953905
14	25	0.25342339930681246
16	48	0.0992852722317693
41	52	0.155792054853715
3	58	0.12523548543421686
17	55	0.09053883967413785
59	61	0.16517340555964968
17	31	0.11192331833057195
38	40	0.5561172588934763
51	58	0.4436277406008447
28	29	0.275618153770065
6	62	0.06902055975649715
18	31	0.09862072963888742
4	37	0.08690271862367947
19	40	0.14544668852741469
12	34	0.12433569481420292
37	39	0.355077552365146
11	54	0.11038714815995669
50	59	0.10951255917138814
18	57	0.054009046988573964
57	59	0.17025956854410096
11	28	0.35030225210719146
47	52	0.4664296328400027
18	19	0.7905326194566233
3	26	0.2527629717742833
7	23	0.5250684084268606
16	39	0.13957734490487284
26	53	0.05251603125653941
11	43	0.14109347761363542
16	52	0.1433832231085015
8	62	0.2224657265197763
41	45	0.2508851490272653
16	33	0.16912383640728232
1	37	0.17480004620907877
26	27	0.5613332572948201
7	49	0.05146647680401833
9	39	0.24674707754706926
9	61	0.0888193337290472
25	43	0.10833077261505618
34	40	0.4372511774866597
9	59	0.11738722705332447
26	52	0.1012408610744743
7	18	0.5824171460493786
54	64	0.17566668546379
30	53	0.17898354729406832
12	57	0.13474998991990175
32	40	0.34721866110459093
14	48	0.10712191237490898
1	33	0.18128620875997542
18	43	0.06270386848497501
38	64	0.16467056503975763
24	53	0.053949187637041415
25	56	0.14196549339124667
8	55	0.12283560394467401
26	49	0.11056503725615886
25	27	0.49403065666995
28	50	0.08159991874545354
30	35	0.26867009821107785
15	34	0.15898437280939962
17	38	0.12277025577240572
12	60	0.06280171850241278
20	57	0.05587063947180094
11	51	0.17250557177451992
18	20	0.6537449119424522
42	55	0.3324396558741079
2	27	0.20882060721756346
23	42	0.08836672503684907
47	60	0.2902816092929807
24	45	0.09180314877692329
37	64	0.14206372071149134
26	32	0.235892845645131
50	51	0.23623038331294552
12	17	0.3611172971823468
26	40	0.19081773511995676
28	48	0.1096690464856194
16	43	0.12358791564625164
23	34	0.11740109332418952
6	35	0.1162494731861277
4	32	0.0967377176962161
43	59	0.10481602401475286
12	53	0.11094475763393075
36	54	0.1481408382545119
11	56	0.18628337302697628
1	40	0.19295566672963207
16	32	0.1710091967014718
27	61	0.057141907116943245
41	62	0.16623521724403398
39	63	0.08907562464184042
9	20	0.11576576526558711
28	45	0.1283827659947948
24	40	0.18842331742650162
49	59	0.18319972179165173
7	22	0.5424388259136733
23	39	0.08957223502423728
52	63	0.204974517388489
2	56	0.12196765519576648
13	26	0.3015191689581947
12	49	0.16676859222047577
32	39	0.2899111787093318
4	55	0.0722897439521029
23	37	0.0921801491421998
25	64	0.08488471830279863
36	51	0.22389786982149065
13	34	0.125918196134179
1	28	0.28390843662600024
0	5	0.07428930188034465
37	61	0.10104741555163677
17	62	0.08192740990931482
28	39	0.14051207389577222
34	53	0.13791928290681624
2	36	0.15248314840428087
19	37	0.10590101868063115
9	51	0.3055931182748814
14	64	0.10440031714084878
30	54	0.15957858010970424
16	41	0.12846905156717783
30	52	0.19928287543147372
55	64	0.16937698697785009
40	55	0.2317469804735234
40	45	0.28123215625854364
1	58	0.13595531414063
26	64	0.06945535013419964
15	18	0.15561928691513882
23	33	0.12172383875918975
13	36	0.1527004113160496
51	52	0.6302333856307731
43	57	0.2875528103882664
9	14	0.37400594731439163
24	35	0.16148130746925246
14	23	0.24756463426092273
23	62	0.06578009279780783
35	40	0.35552406859410773
0	42	0.07074353350800364
39	51	0.2067480772087945
11	14	0.43480507123893425
24	47	0.06337802331217651
35	57	0.19892879214776574
9	64	0.18668325828533353
14	43	0.15229405413931893
18	37	0.09015823855639843
14	57	0.14905020317676224
31	39	0.33376662246533767
13	43	0.09695567573524634
15	32	0.17186473291604584
39	61	0.07963223359339339
14	31	0.19163481490004045
30	51	0.2151365186414596
31	43	0.13580123283370266
42	64	0.14154989331406218
0	8	0.13971899490374143
14	50	0.0808702099407491
12	52	0.13925088235846503
21	56	0.07842777533654563
3	6	0.41528185069955703
5	40	0.08827398472623532
11	33	0.243115201732106
5	23	0.4593511671089333
53	58	0.49595278594747305
9	50	0.12706270483146936
9	33	0.28091100260774643
11	58	0.1847062201774748
2	12	0.3556745293869498
13	18	0.5689423839724276
11	61	0.051583150024590144
49	61	0.11604027005351801
33	43	0.16269494913732127
42	53	0.24902938491504442
39	57	0.1993508923367434
7	12	0.37727073122224103
9	48	0.1838266255201165
47	53	0.3556964932834323
61	63	0.21185533537364326
47	61	0.09916942192732715
7	55	0.07325414572090622
27	64	0.105849509972652
30	64	0.1537554708958675
8	36	0.12768636163876101
12	40	0.17185541661790302
18	34	0.11276564188128649
22	39	0.09530499495812768
1	30	0.16716666173783812
12	56	0.14356223822839217
21	49	0.08440707384506829
1	29	0.19049626160660724
8	45	0.15242465237708472
42	47	0.2653877753606319
11	46	0.1208212727871363
10	50	0.10507390611344708
24	58	0.08537789674824252
13	41	0.08454316193135952
18	40	0.11379134472655728
22	52	0.07169146427507259
12	28	0.36466205006754215
16	18	0.3641714921915289
61	64	0.10644142736799116
1	27	0.23703649001138608
31	64	0.12050734193378153
10	58	0.22082039764754863
24	48	0.05852022222605234
9	41	0.1479245756306641
10	14	0.35205323821652645
28	51	0.1339637155426983
9	34	0.22075960651413365
12	27	0.24149313137207373
7	11	0.3544251639319605
8	30	0.1247083782555145
10	48	0.15428436084288252
30	37	0.21659226161417064
37	46	0.18184252824663602
31	45	0.20558318685890706
34	51	0.1906133594716077
0	62	0.10237839563792867
27	35	0.21668729203987194
0	29	0.06461020658024928
46	52	0.45804440726397533
26	43	0.07964762970334018
4	49	0.05852287216591277
15	46	0.12278478545087237
17	56	0.09387891001322722
5	18	0.8227411755208031
58	61	0.13702022243469425
31	50	0.10063876622613048
7	14	0.24007652560767995
12	48	0.1252776431112782
27	58	0.13078646122409296
30	59	0.07144705297313114
39	43	0.14374533930478423
33	38	0.5474575433159266
32	46	0.17880971268890644
19	56	0.07750036929101602
9	11	0.2921162375466157
20	26	0.33038219176799005
8	21	0.05125278731060081
37	49	0.25108950009128467
45	58	0.34968672618211244
32	33	0.621676936196873
24	37	0.1501882035636013
1	15	0.27305341935102817
25	36	0.22362740595045802
1	34	0.15766876164857768
37	55	0.20779238527427696
48	56	0.3080471823025383
42	46	0.2587848480448476
21	40	0.13416831330421564
4	58	0.05938128189254288
39	40	0.5498786879306174
52	54	0.4138987657748782
50	61	0.1470828762649258
7	39	0.07452272650473694
9	45	0.30841637256647386
49	55	0.22376025730379842
46	56	0.3750327540270032
19	36	0.13971977427487214
41	60	0.12629327492417378
36	47	0.1465610313246365
32	43	0.1551738382805019
32	52	0.21336595737039793
14	39	0.16249989713670948
32	51	0.2016826424744475
35	47	0.12959082335636846
53	59	0.1974208730945758
10	28	0.26219977165100444
3	48	0.07881065100432409
8	26	0.0778036305820139
46	53	0.3618169958796984
42	48	0.19418830054053182
16	38	0.1473166957678644
12	21	0.3026968302891712
14	45	0.15930085540566466
38	62	0.3298456772125044
19	52	0.07785101014310797
47	48	0.23101077547286322
4	13	0.624777454785647
32	55	0.13662629526223877
0	7	0.08972905583098874
37	56	0.20933058739627092
12	42	0.21731960226400465
31	55	0.1348773632610406
48	50	0.15390498085014323
1	52	0.1446952089387934
37	53	0.20611114241642742
7	29	0.13783987777577036
2	26	0.2316881267954264
22	43	0.055558385405974416
6	14	0.24659762302345756
3	14	0.33535535828308277
0	3	0.1473811986545613
57	61	0.14526745553825388
13	57	0.09424986481414876
21	26	0.37381987149944734
22	57	0.06316128780781279
18	42	0.10707645503534678
35	60	0.13544942044656968
0	37	0.09234822263829782
12	23	0.32507038078200057
32	35	0.3575673055628497
10	59	0.055863540280000186
10	15	0.38194875447055104
10	33	0.23943138649229945
31	52	0.2039763831882785
29	51	0.1526670405347766
46	55	0.19541031768054226
20	38	0.08878326351714853
55	58	0.21867141775881543
17	28	0.26423999749891824
45	64	0.15617054145027276
27	55	0.1180337102457224
2	23	0.3227550010211362
28	35	0.1703462106631024
3	60	0.08645907942286477
2	15	0.23928203436707707
31	47	0.13334841499515696
4	14	0.2705972287367854
8	37	0.133692192532492
12	14	0.47591640273506325
0	30	0.06655562527106568
18	45	0.06264644199808682
23	32	0.10010327900650184
53	64	0.16186255956582976
10	54	0.12324363345263441
38	54	0.18201244374782796
34	63	0.08955193511106273
34	38	0.4109610722616968
2	63	0.05148251198774885
31	37	0.254697826865175
7	15	0.15768485421581757
0	46	0.06601404638258192
13	16	0.4587100661968204
0	56	0.06257625832505555
0	38	0.08799627234105867
16	23	0.39706660527986676
25	52	0.13976628849271025
3	57	0.0990745571698152
6	57	0.05083149138305452
28	47	0.09473851132288946
39	49	0.2233429770226077
51	55	0.26297260973955805
9	40	0.3040172940273136
27	39	0.190399618737903
20	56	0.06109737292704121
35	49	0.19093789777439635
16	25	0.2579150633410895
19	30	0.13045973084320242
38	55	0.23162032536725735
21	35	0.12972290731581232
43	50	0.18847215385626992
9	27	0.21220071263196738
33	60	0.1453342671125776
29	48	0.11633502418730074
10	36	0.19627507621657145
12	64	0.08045980375174394
39	59	0.10616663438633325
22	25	0.42114675095447296
27	36	0.22220460722317484
39	48	0.12008395975402222
31	41	0.10777564712767145
33	40	0.5268772072519183
9	13	0.22060058577674826
13	58	0.10140222350397894
13	54	0.06578930224237835
0	11	0.09741619628621563
35	50	0.08035787901469758
0	32	0.05689005233923768
8	10	0.19991234525733723
27	52	0.14202518543851594
33	45	0.24556084491439334
39	47	0.1460570834500232
3	56	0.10069549512658356
13	56	0.10549801063248992
13	27	0.2551775854542529
12	32	0.14148546503381731
18	51	0.06208432968148633
7	17	0.6355652308856524
15	26	0.20251732542536083
8	31	0.12443501681486234
33	37	0.35093152056652355
30	36	0.302730957230752
17	20	0.753053499876809
24	33	0.2016757228924001
29	33	0.32252608872357647
49	64	0.1419803659413566
9	35	0.2326436369405918
20	49	0.059350172139560224
3	37	0.12889468789019548
10	34	0.22434678498034832
15	62	0.18680290295853194
37	51	0.24131854286784804
46	60	0.23737100221248342
63	64	0.13373867481687218
24	31	0.16021251947530357
15	37	0.1791923927972999
29	30	0.5278329451290116
27	34	0.21678820903884236
26	38	0.1715171536566642
2	3	0.6481573986342518
50	57	0.17608015841318095
45	54	0.28087738806035195
18	24	0.5509371044912071
8	32	0.12734097048541415
10	52	0.18688462490864088
43	60	0.21437020237687748
0	58	0.0700210315897431
3	55	0.10572588011763369
48	49	0.44451778643177475
30	34	0.28203522631891953
28	43	0.11363918961457
31	48	0.11562167910362944
29	34	0.26715112970863975
50	55	0.24220218610604197
16	37	0.1539790380390913
3	19	0.4458883799453657
12	18	0.3235381663096794
29	39	0.24423703422570006
14	38	0.2135066935508488
14	33	0.1969898259380818
19	38	0.12196013060594925
19	42	0.1266603628824723
41	46	0.14220385574405514
51	64	0.1316950171939699
11	29	0.25296073491128074
28	52	0.12780827923061583
0	10	0.13904346921439137
0	47	0.10215972812610266
57	62	0.38814930228261274
1	62	0.15199478679378772
6	56	0.060829830862204275
9	30	0.26567510728585253
2	38	0.1794125157376588
25	38	0.2363477272613097
39	42	0.27160999575755973
41	48	0.12251785092650626
35	51	0.20286724132548406
30	63	0.10917287414844448
20	55	0.07564843469236544
8	50	0.09118212341384388
45	53	0.3150870633752198
10	17	0.13919047351634492
32	62	0.2276108568976342
51	56	0.5402574410802273
60	64	0.1380695889734956
6	15	0.1529689399005072
4	33	0.10735148846004017
6	45	0.05591443643724366
16	49	0.12648876253866917
9	38	0.3402101510424682
14	49	0.1831962284266028
3	42	0.1466900308330129
46	50	0.17852266194520175
53	56	0.4169320573167986
11	60	0.09162059338538517
35	45	0.17044312484609564
0	49	0.07495014411062646
4	28	0.24715772894339372
11	42	0.2452043417894015
36	50	0.10580807529798163
22	30	0.1585430862408439
33	59	0.0786582267285817
2	34	0.1631769440672774
15	16	0.4112243699459153
1	54	0.10878863510470986
10	39	0.1902466672534999
12	54	0.09278443107082712
2	16	0.3855103036985074
12	31	0.1269529184895715
25	62	0.13782959143592263
46	54	0.33931998410477165
4	24	0.46366536856607937
9	32	0.2623544957884609
14	63	0.06875028208633589
22	37	0.08919720527103298
20	62	0.062289476692084705
29	57	0.14512205978298592
56	58	0.47924058585492874
30	57	0.1895364041130734
10	12	0.2177797562644963
21	28	0.2525716439084093
30	50	0.10741306461343901
2	8	0.1109132203489899
39	58	0.2411748442869971
3	10	0.21569085538035512
15	39	0.16126655632713088
41	49	0.16194968354622746
32	47	0.17026046304875475
1	38	0.21338867539116968
20	58	0.06104567535505998
56	62	0.40195970776188394
49	57	0.3959697544851673
19	49	0.07095700581158315
30	48	0.1450325779814791
19	55	0.08061284269959247
20	32	0.10732936754809003
49	52	0.5784901841220997
22	51	0.056209020837132875
1	51	0.1197002782468613
16	51	0.11967840366192467
29	62	0.15746941500380848
26	56	0.1128072909763441
7	13	0.6064773566907069
2	57	0.10889910622332455
8	18	0.05489462043728658
36	48	0.12625507598085436
52	53	0.46358333637068744
14	61	0.062332660756450296
7	35	0.08540029360561666
21	25	0.40051319097915894
6	37	0.09196898990741167
19	57	0.06830942401335094
28	37	0.15374021833680998
16	56	0.13587630245101595
32	58	0.2595966764745035
34	58	0.23145649418665667
34	54	0.132683804438553
51	54	0.34326623159154634
10	60	0.15276515474350277
9	36	0.2433721682771449
48	63	0.22252160497855622
5	62	0.05495021199221756
8	64	0.17878355319383799
55	63	0.1676847060715959
25	51	0.13481248812704869
36	53	0.14566598943836073
14	32	0.2004023641495878
31	62	0.1966961250528743
48	57	0.2701032641310398
15	59	0.08215025302833778
29	54	0.11682187204052838
10	45	0.20353542396207233
12	30	0.15651090095839504
49	62	0.4189030962196225
9	28	0.20217904820559446
40	63	0.11315509895280548
16	29	0.2212028102654367
21	52	0.08257322531978681
16	60	0.07420503283212736
3	46	0.07948446817454817
14	46	0.14229551967423026
23	30	0.12805125318581959
27	63	0.059568118212994264
26	39	0.1553202015824707
10	42	0.2231792649448302
30	49	0.20633727584138248
3	32	0.11406811119518272
16	54	0.09519250218576351
32	36	0.38725871693924563
27	50	0.0649851487104049
55	62	0.2599370588865349
58	60	0.40445086862672786
1	49	0.14617942879298693
16	53	0.10006435446415365
35	59	0.06530097199231077
22	62	0.07064752965836038
50	64	0.13832700117291236
2	37	0.1739205894660652
2	13	0.4405618791686654
30	47	0.17852219550061543
38	57	0.2577683820090824
28	54	0.0949984213907226
33	61	0.060621143123120856
10	47	0.20012034955476748
23	52	0.05588932576676432
13	23	0.5236412844445135
17	34	0.12154699126538708
47	57	0.33634666670946056
10	11	0.2505256326453102
41	64	0.1204538266005434
23	45	0.056722765440326076
4	9	0.11368986041538767
21	58	0.0769489880786661
26	31	0.21656430441517271
24	54	0.05423790137289117
41	53	0.13690538219297702
4	5	0.7205497119177868
1	39	0.13331441839526456
33	49	0.2713388979519517
17	21	0.9106139649723209
50	62	0.14851225556992945
32	38	0.37631355704625014
52	60	0.3048227878968357
29	38	0.28323887804762415
17	43	0.0696529828609743
39	55	0.18624751441632043
5	9	0.0905757927907994
29	32	0.3573095118339045
13	37	0.13190824383948285
55	61	0.09957142660965043
11	57	0.15016928193831033
0	63	0.05419010819266169
6	12	0.31821763665182823
17	54	0.05392608475728132
36	40	0.5308506447005952
48	51	0.2702469008787473
37	58	0.2765969977995255
7	16	0.3311628592454508
48	61	0.09512829087913088
40	50	0.14011101176027166
2	32	0.14853703149020447
12	22	0.29855505691777845
18	56	0.07805656293160942
22	29	0.24698865200869116
47	51	0.36602366264464736
48	64	0.13719895978675034
13	62	0.10524438359383825
10	32	0.26944886510135735
27	51	0.12367753925439542
31	35	0.4025881439701543
20	45	0.060121779407168056
2	29	0.18857357251902862
21	57	0.07449558284057985
37	59	0.09854337151911308
5	55	0.06218625621378653
21	30	0.14216052515255176
37	48	0.16363659561757224
19	27	0.2523207228839194
22	27	0.3260312812095446
14	18	0.24588742332949018
17	35	0.10975179663795151
29	36	0.2860136282404049
37	52	0.2311309968879352
8	35	0.10052434408105954
11	31	0.2000257118300998
33	35	0.49248332706482373
1	55	0.13998174930732557
28	40	0.17629028797518578
5	17	0.8096554339346567
1	50	0.059393900055534264
16	58	0.13599444853684692
29	56	0.15364024930654696
19	33	0.1565604421827045
16	17	0.39019077861730134
24	27	0.39046026133773154
20	42	0.10196257473456594
0	6	0.07556855494590066
24	30	0.18364750455335613
21	31	0.14214387530851263
4	29	0.15443835901851205
22	31	0.133854865897253
40	59	0.0810125184941453
15	60	0.13855534982557768
9	29	0.2079295398020999
1	36	0.18301167251117997
33	34	0.5543848661939647
0	2	0.1740448763027919
38	63	0.10117414634972555
26	34	0.19842149043287086
61	62	0.12825507361522234
32	37	0.25489883936260743
33	51	0.2623524302931666
30	58	0.21796321534831134
4	6	0.6498802438153634
11	40	0.2732522041249223
1	64	0.08982965769110175
11	12	0.47176009009683767
17	27	0.22781019008481126
38	51	0.26903910815315857
17	53	0.05036790162076581
24	43	0.0670432794713381
15	30	0.18461077424513792
8	51	0.1401168781404381
54	63	0.3146243939725662
34	47	0.1326644001497203
2	33	0.16274150415081498
36	37	0.41399123709291386
29	60	0.0641168583515905
20	52	0.059297636309426194
27	57	0.13152865422690496
20	33	0.12424443580803773
3	20	0.5088407088463962
45	55	0.3193478794372644
17	23	0.5928086190839879
17	42	0.13662131138457229
16	35	0.13367022863545275
17	33	0.14708187132109532
37	42	0.31063437242508707
25	40	0.23981603324674014
43	49	0.3106020832969524
34	37	0.4351769225395626
54	59	0.2233641103284646
22	42	0.10701041261274251
9	26	0.13627431909985907
50	63	0.16939948159739648
26	33	0.2352617326705705
20	36	0.11319015470918099
7	30	0.106094291546141
54	55	0.1894877443771336
9	54	0.1993059804229494
4	56	0.056773047733817056
3	51	0.11381579496274402
48	58	0.3377188872214492
49	63	0.22881573304016428
42	52	0.41491811959842256
12	39	0.11691050907807417
58	59	0.2082229272298996
30	42	0.2057326117761182
0	26	0.06501540022961955
5	36	0.08329250873657855
56	59	0.17473702450941195
1	16	0.3426197836907605
20	24	0.5900578818453645
48	59	0.16809830621400992
18	30	0.1196488343135618
41	50	0.1518664520698626
8	33	0.1268225276921861
10	29	0.2532074440218617
13	35	0.12754215387659118
22	38	0.0967162614055895
1	63	0.0531183639270851
4	10	0.14216298824176873
6	10	0.14742819124206816
34	55	0.14537497242093952
4	11	0.37597313219660133
13	31	0.12975842211561475
9	60	0.2210007116360942
17	45	0.0804909807675458
13	17	0.6306406363933424
34	61	0.0639779590370985
1	20	0.3603714584603012
17	52	0.08803938476109835
20	40	0.12012567124744031
46	59	0.20562784173549084
14	24	0.2762673516325773
33	63	0.10012455536693053
1	13	0.42147476447924914
22	49	0.07339701550799407
0	31	0.059756338478947825
4	20	0.7202012755558418
39	41	0.20557222744679707
35	54	0.1493446834890123
15	31	0.1486433474392391
53	55	0.2178565874032358
35	64	0.1513948511786733
21	43	0.06427592953537185
3	62	0.14971269526215303
50	53	0.171905866152403
36	43	0.15214849211249884
3	12	0.3683726040928802
7	10	0.12412899807472286
16	30	0.21109757095831713
25	29	0.44684992671156964
38	56	0.3217273983221671
5	15	0.1324365294968399
8	48	0.10362701799316942
36	60	0.13943810939640244
15	48	0.12500139175056194
35	55	0.1583752372813943
3	29	0.16555130817434294
46	51	0.40548668202539484
8	28	0.11187938051899249
24	38	0.15204645953078474
4	21	0.626058865086495
34	42	0.22968885145789594
8	52	0.14252383133935456
23	38	0.09552461835545546
25	26	0.5727495171115273
1	18	0.3086426601490782
33	48	0.14950766644713437
10	23	0.10244957786472905
28	34	0.16951034664799627
4	40	0.11421168768196985
44	46	0.06947992329235388
5	42	0.07877982882905873
33	50	0.10368797857616888
23	24	0.7024226815124199
50	56	0.24227883932342756
0	25	0.07359072929156935
16	61	0.05258822034516306
3	22	0.40232736587925827
20	31	0.10767176748880768
34	45	0.1797383954817269
28	55	0.13764263944263247
15	52	0.15753096041212739
5	28	0.26102952538398805
2	58	0.13517948962140106
19	24	0.6868414400790697
40	61	0.07892517610113003
19	26	0.34336295383919285
0	55	0.06555796178408167
6	25	0.2618665766473629
40	49	0.28916149802826074
5	7	0.636793366715435
5	30	0.09976608403179198
29	42	0.19541533025276953
1	19	0.3337668668158158
19	25	0.3368564289455995
13	49	0.11649051566501273
14	53	0.12683997726293425
36	38	0.5001178735654664
24	51	0.08690073552900811
47	50	0.15116104736845276
11	24	0.4361107879995714
12	47	0.09786915918262874
17	57	0.07450572294004279
4	36	0.10787646108526695
32	64	0.1521555916175352
57	60	0.3327431989688875
41	47	0.1523585734608727
11	30	0.2115585416963488
2	49	0.12750472248726974
25	50	0.07716469930372227
11	13	0.56577175453193
22	35	0.12754310613403091
24	62	0.09549506314269754
36	39	0.4534794780098493
55	56	0.3049992819983027
1	31	0.16004062220825477
12	13	0.49933315911842757
55	60	0.15502769132190122
1	6	0.33111600874734926
14	56	0.19098250923341545
32	50	0.08153197258117842
41	42	0.2838409932504193
23	29	0.2133829966359138
25	41	0.08611718674288688
20	27	0.23837965362533345
42	63	0.152941022847274
27	38	0.2057094155738728
6	42	0.09570556312995591
3	35	0.11034986479709183
32	34	0.40058178268464645
10	43	0.18058314365023304
19	43	0.06285973187065956
17	39	0.09697228979174262
9	53	0.22522844256831404
11	39	0.18562685556686367
31	61	0.07072346960416699
15	19	0.1657683043508279
56	64	0.17247109285268936
22	55	0.08465196189139865
0	9	0.14981150121706915
36	49	0.21627271653586133
19	35	0.11151315305570642
45	60	0.2173080015204271
57	64	0.1861182098810316
8	15	0.17235883965283777
6	19	0.6568489628546681
8	41	0.17941687623141836
1	17	0.34571044702157405
31	34	0.4275842980539689
5	35	0.08644512107692064
56	63	0.23198920406239126
7	28	0.24254769030282353
25	31	0.2460846252511824
33	64	0.14591655732707037
46	64	0.14509848634443256
25	54	0.07356300687348316
13	28	0.28192964782478924
46	62	0.2672054886438412
17	22	0.7973380842350605
31	33	0.555128551068818
16	28	0.45674431056442855
1	23	0.30406198616485064
1	10	0.27935795419195575
34	57	0.19970206949180694
19	31	0.12600221903182338
8	47	0.2153510162752745
2	9	0.23822192386381186
53	61	0.15706309427386358
12	25	0.2144234824321607
36	63	0.08354187982159905
15	25	0.1981812717381258
15	35	0.13835526890673916
33	46	0.19024680029854898
40	53	0.17153764325598936
12	35	0.1284818439615199
2	60	0.07969706322418335
22	34	0.1178079950882564
4	26	0.26277601342997325
7	25	0.23032857846697435
12	26	0.24271007158191585
11	37	0.21474809240978343
30	55	0.1647646245365235
1	42	0.18844157107404588
21	22	0.8264800808981829
13	47	0.09186702406775443
30	56	0.20020259780977748
7	37	0.08565766949662754
37	62	0.2627324524379945
14	55	0.1543802488437193
0	23	0.06716239136418878
46	48	0.25896168198258596
8	39	0.15805574586167573
23	40	0.11792787014368615
38	39	0.533196632180694
25	47	0.10108251816100267
37	60	0.1583278315739233
25	49	0.14067433672024715
10	27	0.241476828171138
2	50	0.05593893507560545
47	55	0.2325673335474037
24	42	0.1377954642688317
29	58	0.1527567693502424
15	24	0.1735417201778032
14	17	0.28216458060085686
48	53	0.32337989810414314
6	28	0.2710865032299152
14	34	0.19654956551012026
24	55	0.09978048272025493
0	13	0.08980222393638428
28	30	0.2543449287371047
0	15	0.09844343852848897
31	59	0.07743897816427969
18	33	0.11919372437344565
38	43	0.20733402602885231
8	17	0.05728890560889197
18	29	0.19137340796006086
38	52	0.30346537717926175
16	55	0.1750104310833008
13	29	0.2063864730204917
8	56	0.17246367604110951
23	31	0.09741297727291681
25	45	0.13785694932509934
25	35	0.2219294549410167
2	19	0.3626600575156138
3	36	0.14624300941323476
35	53	0.15032837543825445
6	36	0.11186654303436634
36	41	0.1305684255572365
0	48	0.058678494392730846
0	50	0.06950553113284685
21	47	0.05711276635975572
28	56	0.13839687749315785
14	15	0.5184767924516204
0	14	0.09401116060707498
48	62	0.2202271355525775
34	60	0.1269011977077002
8	54	0.14240756193533982
14	16	0.4376219170018038
25	55	0.12275627333709684
52	57	0.39025372307606443
2	5	0.35693947627811407
18	27	0.2252119965180409
47	63	0.20799663904550492
10	19	0.13187947618404944
16	26	0.31176838600582885
42	54	0.22640455401369497
9	23	0.09211196694370202
9	15	0.3221804127517615
15	61	0.07970972373146124
22	26	0.44380831162454515
57	58	0.4943855555356361
3	25	0.23922895118880888
14	36	0.19650701663351844
0	17	0.06897748813533867
5	29	0.15434955990463384
35	62	0.23583838118684972
50	58	0.1717789393566304
27	40	0.20632996409210516
27	33	0.2741891962158058
0	36	0.07531637437150096
40	51	0.2761185018903687
